time	V(D,G)	V(a1)	V(l)	Ix(U1:G)
Step Information: A=10µ  (Step: 1/3)
0.000000000000000e+00	3.155487e-22	1.845498e-22	-3.690997e-24	-3.722345e-26
5.919902132459853e-07	6.967375e-06	9.245199e-06	2.204559e-08	2.096612e-10
1.669873486664669e-06	5.641362e-05	7.135713e-05	7.885106e-08	6.768189e-10
2.232324941459009e-06	1.011960e-04	1.269254e-04	1.125699e-07	9.213210e-10
2.779783839142598e-06	1.586116e-04	1.978785e-04	1.480739e-07	1.159442e-09
3.439403274980920e-06	2.462635e-04	3.058994e-04	1.943705e-07	1.446517e-09
4.256366641057252e-06	3.818263e-04	4.726168e-04	2.570367e-07	1.802325e-09
5.286550010429969e-06	5.949374e-04	7.342613e-04	3.444544e-07	2.251387e-09
6.564561815326268e-06	9.245872e-04	1.138419e-03	4.659052e-07	2.809089e-09
8.165510509658665e-06	1.439493e-03	1.768964e-03	6.383382e-07	3.508664e-09
1.015550080921927e-05	2.237421e-03	2.745114e-03	8.840901e-07	4.379711e-09
1.264518662564611e-05	3.481820e-03	4.266118e-03	1.240494e-06	5.471766e-09
1.574626559926273e-05	5.413651e-03	6.625465e-03	1.760329e-06	6.835519e-09
1.962456536475885e-05	8.424497e-03	1.029981e-02	2.528617e-06	8.546485e-09
2.446336688156800e-05	1.310527e-02	1.600777e-02	3.670648e-06	1.068935e-08
3.051726671126409e-05	2.040136e-02	2.489789e-02	5.384946e-06	1.338212e-08
3.808404445627907e-05	3.176113e-02	3.872751e-02	7.971115e-06	1.676263e-08
4.756268884721782e-05	4.948378e-02	6.028218e-02	1.190011e-05	2.100864e-08
5.943783798488506e-05	7.713069e-02	9.386814e-02	1.789217e-05	2.631110e-08
7.434846072078245e-05	1.203430e-01	1.462908e-01	2.707414e-05	3.286574e-08
9.309360635626529e-05	1.872585e-01	2.273423e-01	4.118766e-05	4.087210e-08
1.130936063562653e-04	2.735664e-01	3.317083e-01	5.935237e-05	4.913888e-08
1.330936063562653e-04	3.756013e-01	4.548787e-01	8.067806e-05	5.718767e-08
1.530936063562653e-04	4.933783e-01	5.968059e-01	1.051126e-04	6.508426e-08
1.730936063562653e-04	6.266576e-01	7.571384e-01	1.325997e-04	7.285755e-08
1.930936063562653e-04	7.752009e-01	9.355285e-01	1.630815e-04	8.051416e-08
2.130936063562653e-04	9.387713e-01	1.131633e+00	1.965010e-04	8.805485e-08
2.330936063562653e-04	1.117133e+00	1.345110e+00	2.328015e-04	9.547966e-08
2.530936063562652e-04	1.310053e+00	1.575625e+00	2.719270e-04	1.027887e-07
2.730936063562652e-04	1.517297e+00	1.822845e+00	3.138221e-04	1.099823e-07
2.930936063562652e-04	1.738635e+00	2.086441e+00	3.584322e-04	1.170607e-07
3.130936063562652e-04	1.973836e+00	2.366088e+00	4.057031e-04	1.240244e-07
3.330936063562652e-04	2.222672e+00	2.661464e+00	4.555813e-04	1.308739e-07
3.530936063562652e-04	2.484916e+00	2.972251e+00	5.080141e-04	1.376098e-07
3.730936063562652e-04	2.760343e+00	3.298136e+00	5.629490e-04	1.442328e-07
3.930936063562652e-04	3.048728e+00	3.638807e+00	6.203347e-04	1.507436e-07
4.130936063562652e-04	3.349851e+00	3.993958e+00	6.801199e-04	1.571428e-07
4.330936063562652e-04	3.663490e+00	4.363286e+00	7.422543e-04	1.634313e-07
4.530936063562652e-04	3.989425e+00	4.746491e+00	8.066882e-04	1.696098e-07
4.730936063562652e-04	4.327440e+00	5.143277e+00	8.733721e-04	1.756791e-07
4.930936063562652e-04	4.677320e+00	5.553351e+00	9.422576e-04	1.816400e-07
5.130936063562652e-04	5.038848e+00	5.976425e+00	1.013297e-03	1.874934e-07
5.330936063562652e-04	5.411815e+00	6.412213e+00	1.086442e-03	1.932400e-07
5.530936063562653e-04	5.796008e+00	6.860434e+00	1.161646e-03	1.988808e-07
5.730936063562653e-04	6.191219e+00	7.320808e+00	1.238864e-03	2.044165e-07
5.930936063562654e-04	6.597241e+00	7.793061e+00	1.318048e-03	2.098482e-07
6.330936063562655e-04	7.440894e+00	8.772122e+00	1.482140e-03	2.204026e-07
6.730936063562656e-04	8.325346e+00	9.795485e+00	1.653566e-03	2.305510e-07
7.130936063562657e-04	9.249002e+00	1.086107e+01	1.831983e-03	2.403007e-07
7.530936063562658e-04	1.021029e+01	1.196686e+01	2.017053e-03	2.496587e-07
7.930936063562659e-04	1.120768e+01	1.311088e+01	2.208450e-03	2.586324e-07
8.530936063562661e-04	1.276814e+01	1.489440e+01	2.506712e-03	2.726986e-07
8.730936063562661e-04	1.330296e+01	1.550417e+01	2.609472e-03	2.821533e-07
8.805936063562661e-04	1.350614e+01	1.573556e+01	2.649480e-03	2.960215e-07
9.070553230399083e-04	1.423276e+01	1.656199e+01	2.793587e-03	3.635120e-07
9.670553230399085e-04	1.592601e+01	1.848246e+01	3.130537e-03	5.352988e-07
1.027055323039909e-03	1.768260e+01	2.046672e+01	3.479141e-03	7.172708e-07
1.107055323039909e-03	2.011596e+01	2.320265e+01	3.959961e-03	9.698116e-07
1.187055323039909e-03	2.264412e+01	2.603031e+01	4.456970e-03	1.231562e-06
1.267055323039909e-03	2.525712e+01	2.893784e+01	4.968058e-03	1.501113e-06
1.367055323039910e-03	2.862819e+01	3.266766e+01	5.623730e-03	1.847360e-06
1.467055323039910e-03	3.209852e+01	3.648387e+01	6.294785e-03	2.204021e-06
1.469555323039910e-03	3.218627e+01	3.658010e+01	6.312055e-03	2.221794e-06
1.474555323039910e-03	3.236150e+01	3.677227e+01	6.350718e-03	2.311713e-06
1.477609352051014e-03	3.246743e+01	3.688868e+01	6.384038e-03	2.473620e-06
1.480535334700404e-03	3.256638e+01	3.699794e+01	6.436564e-03	2.866814e-06
1.483666028384793e-03	3.266729e+01	3.711044e+01	6.535156e-03	3.743826e-06
1.487065654353341e-03	3.276819e+01	3.722497e+01	6.717583e-03	5.483737e-06
1.490930563550103e-03	3.287300e+01	3.734687e+01	7.049826e-03	8.317047e-06
1.492460533798849e-03	3.290875e+01	3.738997e+01	7.222123e-03	9.970340e-06
1.492718037498535e-03	3.291433e+01	3.739683e+01	7.254126e-03	1.028784e-05
1.492741933355520e-03	3.291193e+01	3.739463e+01	7.264396e-03	1.060655e-05
1.492789725069489e-03	3.289191e+01	3.737584e+01	7.418626e-03	1.271344e-05
1.492813419698330e-03	3.285903e+01	3.734480e+01	7.721159e-03	1.597472e-05
1.492830133030329e-03	3.280066e+01	3.728951e+01	8.254958e-03	2.168395e-05
1.492844350262434e-03	3.269967e+01	3.719371e+01	9.159768e-03	3.151647e-05
1.492858259387101e-03	3.254424e+01	3.704694e+01	1.077345e-02	4.655012e-05
1.492860663296390e-03	3.250645e+01	3.701127e+01	1.116753e-02	5.019990e-05
1.492865471114966e-03	3.240603e+01	3.691597e+01	1.203972e-02	5.994478e-05
1.492875086752118e-03	3.213878e+01	3.666248e+01	1.438572e-02	8.585168e-05
1.492886096917085e-03	3.168767e+01	3.623488e+01	1.836888e-02	1.295342e-04
1.492899721340812e-03	3.082403e+01	3.541705e+01	2.605191e-02	2.130504e-04
1.492914452686377e-03	2.939231e+01	3.406406e+01	3.913128e-02	3.511873e-04
1.492929915991735e-03	2.720495e+01	3.200291e+01	5.963744e-02	5.615968e-04
1.492946726859251e-03	2.413103e+01	2.912147e+01	8.961648e-02	8.557271e-04
1.492966333532756e-03	2.011956e+01	2.538955e+01	1.280059e-01	1.236640e-03
1.492968900002797e-03	1.960563e+01	2.491475e+01	1.327299e-01	1.285101e-03
1.492974032942881e-03	1.869427e+01	2.407876e+01	1.416349e-01	1.370445e-03
1.492984298823049e-03	1.711351e+01	2.264103e+01	1.558307e-01	1.517234e-03
1.492986844429878e-03	1.679413e+01	2.235443e+01	1.584445e-01	1.546492e-03
1.492991935643536e-03	1.631350e+01	2.193403e+01	1.630771e-01	1.589416e-03
1.493002118070852e-03	1.556077e+01	2.128918e+01	1.692818e-01	1.655274e-03
1.493004663677681e-03	1.542222e+01	2.117426e+01	1.702381e-01	1.667013e-03
1.493009754891338e-03	1.522526e+01	2.101931e+01	1.719123e-01	1.682847e-03
1.493019937318654e-03	1.493554e+01	2.078085e+01	1.743221e-01	1.707235e-03
1.493029788709203e-03	1.474911e+01	2.060904e+01	1.759909e-01	1.724818e-03
1.493039983093722e-03	1.461721e+01	2.048151e+01	1.772764e-01	1.737869e-03
1.493053077124313e-03	1.450001e+01	2.036905e+01	1.784270e-01	1.749393e-03
1.493072734024888e-03	1.439325e+01	2.026654e+01	1.795255e-01	1.759937e-03
1.493112047826037e-03	1.428927e+01	2.016696e+01	1.806016e-01	1.770269e-03
1.493190333747315e-03	1.421146e+01	2.009259e+01	1.812706e-01	1.778197e-03
1.493285088643077e-03	1.418367e+01	2.006657e+01	1.814833e-01	1.781263e-03
1.494038123550728e-03	1.417030e+01	2.006003e+01	1.818311e-01	1.785236e-03
1.670460550428233e-03	1.418925e+01	2.162620e+01	2.448616e-01	2.413113e-03
1.870460550428233e-03	1.420697e+01	2.349926e+01	3.201050e-01	3.162526e-03
2.070460550428234e-03	1.422166e+01	2.545159e+01	3.983436e-01	3.941766e-03
2.310460550428235e-03	1.423654e+01	2.786432e+01	4.948127e-01	4.902573e-03
2.570460550428235e-03	1.425024e+01	3.052073e+01	6.008289e-01	5.958461e-03
2.910460550428236e-03	1.426534e+01	3.398738e+01	7.390046e-01	7.334646e-03
3.350460550428237e-03	1.428137e+01	3.832648e+01	9.118677e-01	9.056306e-03
3.790460550428238e-03	1.429432e+01	4.234640e+01	1.072110e+00	1.065227e-02
4.230460550428240e-03	1.430471e+01	4.590891e+01	1.214355e+00	1.206900e-02
4.670460550428241e-03	1.431284e+01	4.890148e+01	1.334189e+00	1.326254e-02
5.110460550428242e-03	1.431889e+01	5.123483e+01	1.428084e+00	1.419775e-02
5.530460550428243e-03	1.432280e+01	5.278466e+01	1.491026e+00	1.482468e-02
5.950460550428244e-03	1.432494e+01	5.363028e+01	1.526196e+00	1.517502e-02
6.350460550428245e-03	1.432534e+01	5.375740e+01	1.532915e+00	1.524201e-02
6.730460550428246e-03	1.432425e+01	5.325673e+01	1.514738e+00	1.506105e-02
7.070460550428247e-03	1.432201e+01	5.229739e+01	1.478248e+00	1.469769e-02
7.210460550428247e-03	1.432075e+01	5.176380e+01	1.457738e+00	1.449345e-02
7.630460550428248e-03	1.431566e+01	4.968968e+01	1.377463e+00	1.369402e-02
8.050460550428240e-03	1.430857e+01	4.693268e+01	1.270128e+00	1.262509e-02
8.450460550428224e-03	1.429972e+01	4.371333e+01	1.144369e+00	1.137267e-02
8.850460550428207e-03	1.428850e+01	3.996424e+01	9.976094e-01	9.911085e-03
9.250460550428191e-03	1.427430e+01	3.574245e+01	8.321316e-01	8.263079e-03
9.630460550428176e-03	1.425701e+01	3.135206e+01	6.599541e-01	6.548346e-03
9.990460550428161e-03	1.423524e+01	2.690550e+01	4.856528e-01	4.812466e-03
1.027046055042815e-02	1.421179e+01	2.328602e+01	3.440516e-01	3.402261e-03
1.055046055042814e-02	1.417546e+01	1.954375e+01	1.984938e-01	1.952695e-03
1.067046055042813e-02	1.415017e+01	1.789727e+01	1.353038e-01	1.323466e-03
1.073046055042813e-02	1.413199e+01	1.705535e+01	1.036703e-01	1.008614e-03
1.075046055042813e-02	1.412386e+01	1.676786e+01	9.315743e-02	9.040720e-04
1.077046055042813e-02	1.411314e+01	1.647107e+01	8.270864e-02	8.002875e-04
1.079046055042813e-02	1.409827e+01	1.615308e+01	7.242919e-02	6.985630e-04
1.081046055042813e-02	1.409385e+01	1.580541e+01	6.255072e-02	5.997671e-04
1.087046055042813e-02	1.405237e+01	1.468256e+01	3.353214e-02	3.110771e-04
1.089046055042812e-02	1.402461e+01	1.429555e+01	2.394510e-02	2.160274e-04
1.091046055042812e-02	1.397222e+01	1.388667e+01	1.449500e-02	1.231636e-04
1.093057773792812e-02	1.388264e+01	1.344523e+01	5.518008e-03	3.280769e-05
1.093167148792812e-02	1.387107e+01	1.341527e+01	5.081470e-03	2.850243e-05
1.093292148792812e-02	1.385526e+01	1.337870e+01	4.597157e-03	2.382065e-05
1.093548917792811e-02	1.381760e+01	1.329931e+01	3.677949e-03	1.463906e-05
1.093603069792805e-02	1.380734e+01	1.328050e+01	3.501128e-03	1.291414e-05
1.093694346270306e-02	1.378836e+01	1.324733e+01	3.220950e-03	1.015571e-05
1.093712644729145e-02	1.378425e+01	1.324041e+01	3.167782e-03	9.629450e-06
1.093720711383012e-02	1.378284e+01	1.323775e+01	3.142614e-03	9.358044e-06
1.093725054739854e-02	1.378437e+01	1.323852e+01	3.120214e-03	8.987623e-06
1.093731579834114e-02	1.379497e+01	1.324742e+01	2.999562e-03	7.639632e-06
1.093740007862198e-02	1.381820e+01	1.326720e+01	2.706110e-03	5.054123e-06
1.093748418130611e-02	1.384282e+01	1.328763e+01	2.446087e-03	2.402958e-06
1.093749827854437e-02	1.384592e+01	1.329006e+01	2.417830e-03	2.060168e-06
1.093752647302089e-02	1.384996e+01	1.329286e+01	2.367027e-03	1.584788e-06
1.093758286197393e-02	1.385535e+01	1.329607e+01	2.293565e-03	8.774737e-07
1.093765196049514e-02	1.385858e+01	1.329714e+01	2.239010e-03	3.035238e-07
1.093771366772889e-02	1.385914e+01	1.329617e+01	2.210415e-03	-1.293463e-08
1.093775928477550e-02	1.385853e+01	1.329460e+01	2.196609e-03	-1.603184e-07
1.093780096713805e-02	1.385744e+01	1.329275e+01	2.187506e-03	-2.518924e-07
1.093783970624299e-02	1.385614e+01	1.329080e+01	2.181193e-03	-3.135305e-07
1.093787878125063e-02	1.385462e+01	1.328867e+01	2.176359e-03	-3.591039e-07
1.093792100445884e-02	1.385280e+01	1.328623e+01	2.172403e-03	-3.951027e-07
1.093796671938913e-02	1.385068e+01	1.328349e+01	2.169188e-03	-4.229036e-07
1.093802317226482e-02	1.384792e+01	1.328000e+01	2.166268e-03	-4.463854e-07
1.093808967751393e-02	1.384453e+01	1.327579e+01	2.163809e-03	-4.642812e-07
1.093816982878354e-02	1.384034e+01	1.327063e+01	2.161699e-03	-4.772053e-07
1.093826353115948e-02	1.383534e+01	1.326453e+01	2.159893e-03	-4.855550e-07
1.093852062087030e-02	1.382143e+01	1.324765e+01	2.156334e-03	-4.938105e-07
1.094661588526171e-02	1.338038e+01	1.271434e+01	2.063963e-03	-5.297767e-07
1.095085817389030e-02	1.314909e+01	1.243503e+01	2.016448e-03	-5.382590e-07
1.098849165660371e-02	1.109518e+01	9.964343e+00	1.604839e-03	-5.411036e-07
1.102849165660371e-02	8.910642e+00	7.352651e+00	1.169895e-03	-5.416904e-07
1.104849165660371e-02	7.818125e+00	6.052720e+00	9.534214e-04	-5.418971e-07
1.106849165660371e-02	6.725620e+00	4.756908e+00	7.376595e-04	-5.420511e-07
1.108849165660370e-02	5.633266e+00	3.465303e+00	5.225831e-04	-5.421583e-07
1.112849165660370e-02	3.449537e+00	8.950324e-01	9.461557e-05	-5.422693e-07
1.114849165660370e-02	2.358419e+00	-3.834774e-01	-1.182538e-04	-5.423079e-07
1.119099165660370e-02	4.194600e-02	-3.086320e+00	-5.682544e-04	-5.439018e-07
1.126318977675055e-02	-3.882587e+00	-7.626256e+00	-1.324576e-03	-5.461054e-07
1.134318977675054e-02	-8.211312e+00	-1.258365e+01	-2.149777e-03	-5.439492e-07
1.142568977675054e-02	-1.264701e+01	-1.761178e+01	-2.986429e-03	-5.406465e-07
1.143068977675054e-02	-1.291465e+01	-1.791342e+01	-3.036657e-03	-5.428220e-07
1.144205874919399e-02	-1.352277e+01	-1.859840e+01	-3.152582e-03	-5.596577e-07
1.146122436340234e-02	-1.454526e+01	-1.974767e+01	-3.352953e-03	-6.491774e-07
1.152122436340233e-02	-1.773297e+01	-2.331504e+01	-3.977567e-03	-9.539756e-07
1.158122436340233e-02	-2.089859e+01	-2.683387e+01	-4.594324e-03	-1.262626e-06
1.164122436340233e-02	-2.403995e+01	-3.030278e+01	-5.202646e-03	-1.570072e-06
1.168122436340233e-02	-2.611982e+01	-3.258729e+01	-5.603395e-03	-1.773849e-06
1.172122436340233e-02	-2.818759e+01	-3.484911e+01	-6.000253e-03	-1.976500e-06
1.174122436340233e-02	-2.921679e+01	-3.597145e+01	-6.197208e-03	-2.077373e-06
1.176122436340232e-02	-3.024279e+01	-3.708806e+01	-6.393182e-03	-2.177929e-06
1.178122436340232e-02	-3.126548e+01	-3.819888e+01	-6.588160e-03	-2.282677e-06
1.180122436340232e-02	-3.228537e+01	-3.930500e+01	-6.783923e-03	-2.411681e-06
1.180276764973696e-02	-3.236341e+01	-3.938964e+01	-6.802264e-03	-2.469173e-06
1.180585422240623e-02	-3.251695e+01	-3.955650e+01	-6.856953e-03	-2.800665e-06
1.180781018675940e-02	-3.261082e+01	-3.965919e+01	-6.921795e-03	-3.315972e-06
1.181011522749184e-02	-3.271447e+01	-3.977399e+01	-7.054920e-03	-4.549182e-06
1.181257014701525e-02	-3.281750e+01	-3.989006e+01	-7.290531e-03	-6.489326e-06
1.181328441961450e-02	-3.284417e+01	-3.992085e+01	-7.380879e-03	-7.356587e-06
1.181423380694434e-02	-3.287813e+01	-3.996049e+01	-7.517132e-03	-8.639345e-06
1.181521012206660e-02	-3.291070e+01	-3.999915e+01	-7.676815e-03	-1.017117e-05
1.181532597999604e-02	-3.291440e+01	-4.000360e+01	-7.697059e-03	-1.036722e-05
1.181534752239488e-02	-3.291455e+01	-4.000390e+01	-7.701479e-03	-1.045730e-05
1.181539336075797e-02	-3.291291e+01	-4.000273e+01	-7.743442e-03	-1.083387e-05
1.181539886788878e-02	-3.291189e+01	-4.000180e+01	-7.754214e-03	-1.095939e-05
1.181540988215041e-02	-3.290758e+01	-3.999776e+01	-7.786884e-03	-1.143357e-05
1.181543191067365e-02	-3.288762e+01	-3.997891e+01	-7.947708e-03	-1.348140e-05
1.181545000503437e-02	-3.284951e+01	-3.994282e+01	-8.286360e-03	-1.726576e-05
1.181546542471296e-02	-3.277987e+01	-3.987679e+01	-8.909883e-03	-2.409125e-05
1.181547972464647e-02	-3.265479e+01	-3.975812e+01	-1.002137e-02	-3.628166e-05
1.181549393082916e-02	-3.242843e+01	-3.954340e+01	-1.202631e-02	-5.827446e-05
1.181550830742774e-02	-3.201713e+01	-3.915326e+01	-1.560108e-02	-9.817065e-05
1.181552452701481e-02	-3.122276e+01	-3.840110e+01	-2.275546e-02	-1.750229e-04
1.181553918173901e-02	-3.003963e+01	-3.728247e+01	-3.355046e-02	-2.892659e-04
1.181555518655219e-02	-2.806244e+01	-3.541738e+01	-5.194568e-02	-4.796952e-04
1.181557112051018e-02	-2.536520e+01	-3.288348e+01	-7.789334e-02	-7.383793e-04
1.181558975729577e-02	-2.172258e+01	-2.948836e+01	-1.143487e-01	-1.084971e-03
1.181560912229220e-02	-1.800829e+01	-2.605932e+01	-1.483131e-01	-1.435028e-03
1.181561182908054e-02	-1.757277e+01	-2.566214e+01	-1.519310e-01	-1.475577e-03
1.181561724265722e-02	-1.691255e+01	-2.507208e+01	-1.584150e-01	-1.535826e-03
1.181562806981059e-02	-1.586915e+01	-2.415502e+01	-1.672814e-01	-1.629480e-03
1.181563619017561e-02	-1.541378e+01	-2.377831e+01	-1.709991e-01	-1.668017e-03
1.181564701732898e-02	-1.503536e+01	-2.347322e+01	-1.740713e-01	-1.699378e-03
1.181565804092461e-02	-1.479361e+01	-2.325973e+01	-1.760922e-01	-1.721236e-03
1.181568494385593e-02	-1.449048e+01	-2.296713e+01	-1.790064e-01	-1.751046e-03
1.181572866729469e-02	-1.431297e+01	-2.279689e+01	-1.808323e-01	-1.768680e-03
1.181588232929476e-02	-1.419042e+01	-2.268034e+01	-1.819684e-01	-1.781494e-03
1.184684226454022e-02	-1.417497e+01	-2.297157e+01	-1.974901e-01	-1.936954e-03
1.188684226454022e-02	-1.418125e+01	-2.337485e+01	-2.173346e-01	-2.134750e-03
1.194684226454022e-02	-1.418969e+01	-2.398252e+01	-2.470018e-01	-2.430455e-03
1.200684226454022e-02	-1.419715e+01	-2.459356e+01	-2.765403e-01	-2.724872e-03
1.208684226454021e-02	-1.420595e+01	-2.541320e+01	-3.157113e-01	-3.115278e-03
1.218684226454021e-02	-1.421556e+01	-2.644452e+01	-3.643062e-01	-3.599586e-03
1.230684226454021e-02	-1.422553e+01	-2.768954e+01	-4.220343e-01	-4.174886e-03
1.244684226454020e-02	-1.423560e+01	-2.914766e+01	-4.885001e-01	-4.837223e-03
1.260684226454019e-02	-1.424558e+01	-3.081421e+01	-5.631728e-01	-5.581292e-03
1.276684226454019e-02	-1.425433e+01	-3.247241e+01	-6.363178e-01	-6.310096e-03
1.292684226454018e-02	-1.426211e+01	-3.411376e+01	-7.077674e-01	-7.021972e-03
1.308684226454017e-02	-1.426911e+01	-3.573008e+01	-7.773480e-01	-7.715195e-03
1.324684226454017e-02	-1.427544e+01	-3.731363e+01	-8.448825e-01	-8.388008e-03
1.342684226454016e-02	-1.428191e+01	-3.904683e+01	-9.181911e-01	-9.118321e-03
1.360684226454015e-02	-1.428774e+01	-4.071947e+01	-9.884319e-01	-9.818055e-03
1.378684226454015e-02	-1.429304e+01	-4.232243e+01	-1.055358e+00	-1.048475e-02
1.398684226454014e-02	-1.429834e+01	-4.401145e+01	-1.125539e+00	-1.118385e-02
1.418684226454013e-02	-1.430307e+01	-4.559322e+01	-1.191014e+00	-1.183607e-02
1.440684226454012e-02	-1.430767e+01	-4.719763e+01	-1.257243e+00	-1.249580e-02
1.462684226454011e-02	-1.431172e+01	-4.864868e+01	-1.317047e+00	-1.309151e-02
1.486684226454010e-02	-1.431548e+01	-5.004448e+01	-1.374561e+00	-1.366441e-02
1.500684226454010e-02	-1.431737e+01	-5.076389e+01	-1.404235e+00	-1.396000e-02
1.528684226454008e-02	-1.432055e+01	-5.198348e+01	-1.454692e+00	-1.446262e-02
1.558684226454007e-02	-1.432306e+01	-5.295280e+01	-1.495155e+00	-1.486569e-02
1.590684226454006e-02	-1.432471e+01	-5.358751e+01	-1.522310e+00	-1.513623e-02
1.626684226454005e-02	-1.432534e+01	-5.379585e+01	-1.532663e+00	-1.523943e-02
1.662684226454003e-02	-1.432466e+01	-5.346139e+01	-1.521392e+00	-1.512726e-02
1.694684226454002e-02	-1.432295e+01	-5.270842e+01	-1.493249e+00	-1.484704e-02
1.716684226454001e-02	-1.432113e+01	-5.194460e+01	-1.464117e+00	-1.455694e-02
1.728684226454000e-02	-1.431994e+01	-5.144463e+01	-1.444915e+00	-1.436573e-02
1.732684226454000e-02	-1.431951e+01	-5.126503e+01	-1.438000e+00	-1.429687e-02
1.742684226454000e-02	-1.431836e+01	-5.078797e+01	-1.419599e+00	-1.411362e-02
1.762684226453999e-02	-1.431571e+01	-4.971508e+01	-1.378078e+00	-1.370013e-02
1.792684226453998e-02	-1.431086e+01	-4.781643e+01	-1.304305e+00	-1.296545e-02
1.830684226453996e-02	-1.430315e+01	-4.493591e+01	-1.191974e+00	-1.184675e-02
1.870684226453995e-02	-1.429283e+01	-4.137018e+01	-1.052545e+00	-1.045819e-02
1.910684226453993e-02	-1.427980e+01	-3.731054e+01	-8.935255e-01	-8.874504e-03
1.950684226453991e-02	-1.426315e+01	-3.281861e+01	-7.174107e-01	-7.120559e-03
1.988684226453990e-02	-1.424223e+01	-2.821201e+01	-5.368042e-01	-5.321884e-03
1.998684226453989e-02	-1.423551e+01	-2.695246e+01	-4.874539e-01	-4.830423e-03
2.000000000000000e-02	-1.423459e+01	-2.678551e+01	-4.809099e-01	-4.765294e-03
Step Information: A=500m  (Step: 2/3)
0.000000000000000e+00	-1.550296e-22	-5.703178e-23	1.140634e-24	1.150321e-26
5.919903296864916e-07	3.925251e-06	1.072201e-05	1.293398e-08	1.149949e-10
1.664418973156859e-06	2.960523e-05	7.578575e-05	4.672080e-08	3.480472e-10
2.226731765457716e-06	5.254235e-05	1.329845e-04	6.850131e-08	4.704807e-10
2.774300602033060e-06	8.184472e-05	2.056455e-04	9.239893e-08	5.898407e-10
3.448595871089657e-06	1.274846e-04	3.183713e-04	1.254666e-07	7.370085e-10
4.275173037933645e-06	1.973410e-04	4.903643e-04	1.714823e-07	9.176808e-10
5.326112855691198e-06	3.081155e-04	7.623556e-04	2.386945e-07	1.147818e-09
6.621353304091512e-06	4.784398e-04	1.179535e-03	3.349292e-07	1.432103e-09
8.252178957259359e-06	7.460380e-04	1.833463e-03	4.771091e-07	1.791066e-09
1.027154239445180e-05	1.159513e-03	2.841596e-03	6.855734e-07	2.237128e-09
1.280569200527671e-05	1.807071e-03	4.416830e-03	9.978224e-07	2.799368e-09
1.595495867390644e-05	2.811533e-03	6.854208e-03	1.464235e-06	3.501899e-09
1.990073881963529e-05	4.382791e-03	1.065640e-02	2.170836e-06	4.388063e-09
2.481714646638377e-05	6.827853e-03	1.655421e-02	3.240786e-06	5.501420e-09
3.097502833444585e-05	1.065424e-02	2.574924e-02	4.876209e-06	6.910151e-09
3.866592846249989e-05	1.662842e-02	4.004078e-02	7.377334e-06	8.691232e-09
4.830696006380698e-05	2.599679e-02	6.232920e-02	1.122681e-05	1.095585e-08
6.038090640401600e-05	4.068568e-02	9.704165e-02	1.715778e-05	1.383449e-08
7.554898626562119e-05	6.381265e-02	1.512450e-01	2.633654e-05	1.749392e-08
9.461576244210124e-05	9.986510e-02	2.349512e-01	4.055998e-05	2.210481e-08
1.146157624421012e-04	1.459016e-01	3.407588e-01	5.863330e-05	2.688649e-08
1.346157624421012e-04	2.007135e-01	4.654207e-01	7.987211e-05	3.157109e-08
1.546157624421012e-04	2.644228e-01	6.088108e-01	1.042197e-04	3.616799e-08
1.746157624421012e-04	3.370437e-01	7.705780e-01	1.316222e-04	4.071482e-08
1.946157624421012e-04	4.185858e-01	9.503750e-01	1.620252e-04	4.524320e-08
2.146157624421012e-04	5.090548e-01	1.147858e+00	1.953727e-04	4.976803e-08
2.346157624421012e-04	6.084521e-01	1.362687e+00	2.316083e-04	5.429289e-08
2.546157624421012e-04	7.167754e-01	1.594527e+00	2.706760e-04	5.881713e-08
2.746157624421012e-04	8.340184e-01	1.843045e+00	3.125200e-04	6.333887e-08
2.946157624421012e-04	9.601710e-01	2.107912e+00	3.570857e-04	6.785600e-08
3.146157624421012e-04	1.095219e+00	2.388803e+00	4.043187e-04	7.236646e-08
3.346157624421012e-04	1.239146e+00	2.685398e+00	4.541652e-04	7.686825e-08
3.546157624421012e-04	1.391931e+00	2.997379e+00	5.065723e-04	8.135950e-08
3.746157624421012e-04	1.553550e+00	3.324432e+00	5.614875e-04	8.583838e-08
3.946157624421012e-04	1.723976e+00	3.666246e+00	6.188589e-04	9.030318e-08
4.146157624421012e-04	1.903178e+00	4.022516e+00	6.786354e-04	9.475226e-08
4.346157624421012e-04	2.091124e+00	4.392938e+00	7.407664e-04	9.918403e-08
4.546157624421012e-04	2.287777e+00	4.777213e+00	8.052019e-04	1.035970e-07
4.746157624421012e-04	2.493098e+00	5.175045e+00	8.718925e-04	1.079897e-07
4.946157624421012e-04	2.707045e+00	5.586142e+00	9.407894e-04	1.123607e-07
5.146157624421012e-04	2.929575e+00	6.010216e+00	1.011844e-03	1.167087e-07
5.346157624421012e-04	3.160641e+00	6.446981e+00	1.085010e-03	1.210325e-07
5.546157624421013e-04	3.400193e+00	6.896155e+00	1.160239e-03	1.253308e-07
5.746157624421013e-04	3.648180e+00	7.357461e+00	1.237485e-03	1.296025e-07
5.946157624421014e-04	3.904548e+00	7.830625e+00	1.316703e-03	1.338463e-07
6.346157624421015e-04	4.442202e+00	8.811440e+00	1.480871e-03	1.422463e-07
6.746157624421016e-04	5.012683e+00	9.836473e+00	1.652388e-03	1.505228e-07
7.146157624421017e-04	5.615490e+00	1.090365e+01	1.830909e-03	1.586681e-07
7.546157624421018e-04	6.250090e+00	1.201095e+01	2.016096e-03	1.666756e-07
7.946157624421019e-04	6.915926e+00	1.315640e+01	2.207620e-03	1.745389e-07
8.546157624421021e-04	7.971972e+00	1.494193e+01	2.506091e-03	1.860510e-07
9.146157624421022e-04	9.094936e+00	1.680274e+01	2.817060e-03	1.972087e-07
9.746157624421024e-04	1.028267e+01	1.873282e+01	3.139525e-03	2.079973e-07
1.034615762442103e-03	1.153295e+01	2.072640e+01	3.472524e-03	2.184042e-07
1.094615762442103e-03	1.284347e+01	2.277796e+01	3.815136e-03	2.295912e-07
1.117115762442103e-03	1.334842e+01	2.355979e+01	3.946697e-03	2.401406e-07
1.132115762442103e-03	1.369105e+01	2.408637e+01	4.037058e-03	2.684076e-07
1.169448593709951e-03	1.455815e+01	2.540943e+01	4.265594e-03	3.517349e-07
1.249448593709951e-03	1.648495e+01	2.830172e+01	4.766916e-03	5.488046e-07
1.349448593709951e-03	1.902154e+01	3.201571e+01	5.411628e-03	8.117736e-07
1.449448593709951e-03	2.168972e+01	3.582007e+01	6.072745e-03	1.088377e-06
1.569448593709952e-03	2.504895e+01	4.047764e+01	6.882973e-03	1.435472e-06
1.709448593709952e-03	2.915985e+01	4.600045e+01	7.844828e-03	1.858212e-06
1.789448593709952e-03	3.159024e+01	4.918327e+01	8.399678e-03	2.108498e-06
1.809448593709952e-03	3.220545e+01	4.998069e+01	8.539319e-03	2.181095e-06
1.811948593709952e-03	3.228247e+01	5.008031e+01	8.558027e-03	2.210582e-06
1.816948593709952e-03	3.243618e+01	5.027909e+01	8.603745e-03	2.373127e-06
1.820051742266714e-03	3.253061e+01	5.040164e+01	8.648371e-03	2.642332e-06
1.823307657140221e-03	3.262748e+01	5.052839e+01	8.726791e-03	3.302727e-06
1.827147790889775e-03	3.273721e+01	5.067429e+01	8.890860e-03	4.813951e-06
1.830812731687012e-03	3.283703e+01	5.080997e+01	9.157795e-03	6.980394e-06
1.831793570208966e-03	3.286178e+01	5.084467e+01	9.252902e-03	7.890165e-06
1.833097268077730e-03	3.289375e+01	5.089008e+01	9.397097e-03	9.241422e-06
1.833962935278001e-03	3.291417e+01	5.091960e+01	9.504676e-03	1.026818e-05
1.833981145296943e-03	3.291434e+01	5.091998e+01	9.507657e-03	1.033941e-05
1.834017565334827e-03	3.291305e+01	5.091925e+01	9.539453e-03	1.078494e-05
1.834041652037717e-03	3.290829e+01	5.091523e+01	9.616586e-03	1.180315e-05
1.834065049017182e-03	3.289453e+01	5.090311e+01	9.852280e-03	1.446687e-05
1.834080957841826e-03	3.287155e+01	5.088260e+01	1.024560e-02	1.878281e-05
1.834095924245263e-03	3.282590e+01	5.084165e+01	1.102027e-02	2.726379e-05
1.834109892524549e-03	3.274454e+01	5.076857e+01	1.240362e-02	4.229612e-05
1.834123746332850e-03	3.259827e+01	5.063721e+01	1.488410e-02	6.922575e-05
1.834137692698913e-03	3.233611e+01	5.040176e+01	1.926112e-02	1.174049e-04
1.834153052797217e-03	3.184156e+01	4.995877e+01	2.773531e-02	2.079628e-04
1.834167183317327e-03	3.108395e+01	4.928148e+01	4.081330e-02	3.463421e-04
1.834182282189538e-03	2.980681e+01	4.814318e+01	6.314587e-02	5.788387e-04
1.834197133516006e-03	2.796060e+01	4.650506e+01	9.599826e-02	9.133659e-04
1.834213444480332e-03	2.527615e+01	4.414095e+01	1.449462e-01	1.396108e-03
1.834231234869478e-03	2.194636e+01	4.124286e+01	2.066573e-01	1.987876e-03
1.834245435928094e-03	1.935851e+01	3.901030e+01	2.521861e-01	2.443774e-03
1.834252974229317e-03	1.822499e+01	3.801585e+01	2.721909e-01	2.646838e-03
1.834263368515323e-03	1.706115e+01	3.694857e+01	2.939343e-01	2.864751e-03
1.834271296681351e-03	1.640992e+01	3.634266e+01	3.057305e-01	2.988479e-03
1.834280067627787e-03	1.591645e+01	3.588776e+01	3.150602e-01	3.081388e-03
1.834294926123525e-03	1.537571e+01	3.538739e+01	3.254844e-01	3.183612e-03
1.834314914054649e-03	1.494764e+01	3.499212e+01	3.334818e-01	3.264416e-03
1.834347933406138e-03	1.458903e+01	3.466034e+01	3.399639e-01	3.332327e-03
1.834385955739832e-03	1.440144e+01	3.448736e+01	3.430572e-01	3.367849e-03
1.834444994065890e-03	1.429398e+01	3.438868e+01	3.448677e-01	3.388318e-03
1.834525866693144e-03	1.424434e+01	3.434449e+01	3.456105e-01	3.397783e-03
1.834894052130514e-03	1.421421e+01	3.432433e+01	3.460726e-01	3.403939e-03
1.903510994441837e-03	1.421360e+01	3.579794e+01	3.546397e-01	3.487642e-03
1.963510994441837e-03	1.421500e+01	3.709312e+01	3.632780e-01	3.571921e-03
2.023510994441837e-03	1.421691e+01	3.839085e+01	3.728918e-01	3.665806e-03
2.083510994441837e-03	1.421857e+01	3.968939e+01	3.833317e-01	3.768103e-03
2.143510994441837e-03	1.422067e+01	4.098716e+01	3.945189e-01	3.877735e-03
2.203510994441838e-03	1.422248e+01	4.228268e+01	4.063277e-01	3.993728e-03
2.263510994441838e-03	1.422467e+01	4.357453e+01	4.186974e-01	4.115206e-03
2.323510994441838e-03	1.422655e+01	4.486145e+01	4.315219e-01	4.241374e-03
2.383510994441838e-03	1.422876e+01	4.614220e+01	4.447550e-01	4.371514e-03
2.443510994441838e-03	1.423066e+01	4.741564e+01	4.583065e-01	4.504975e-03
2.503510994441838e-03	1.423285e+01	4.868070e+01	4.721417e-01	4.641169e-03
2.563510994441839e-03	1.423472e+01	4.993637e+01	4.861832e-01	4.779560e-03
2.603510994441839e-03	1.423606e+01	5.076779e+01	4.956450e-01	4.872800e-03
2.643510994441839e-03	1.423738e+01	5.159433e+01	5.051686e-01	4.966668e-03
2.683510994441839e-03	1.423868e+01	5.241574e+01	5.147417e-01	5.061039e-03
2.723510994441839e-03	1.423997e+01	5.323177e+01	5.243524e-01	5.155796e-03
2.763510994441839e-03	1.424125e+01	5.404216e+01	5.339897e-01	5.250829e-03
2.803510994441839e-03	1.424251e+01	5.484669e+01	5.436434e-01	5.346034e-03
2.843510994441839e-03	1.424375e+01	5.564513e+01	5.533034e-01	5.441316e-03
2.883510994441839e-03	1.424497e+01	5.643725e+01	5.629609e-01	5.536581e-03
2.903510994441839e-03	1.424570e+01	5.683088e+01	5.677909e-01	5.584181e-03
2.923510994441839e-03	1.424617e+01	5.722284e+01	5.726070e-01	5.631745e-03
2.943510994441840e-03	1.424689e+01	5.761312e+01	5.774282e-01	5.679263e-03
2.963510994441840e-03	1.424735e+01	5.800169e+01	5.822336e-01	5.726725e-03
2.983510994441840e-03	1.424806e+01	5.838853e+01	5.870421e-01	5.774122e-03
3.003510994441840e-03	1.424852e+01	5.877361e+01	5.918331e-01	5.821445e-03
3.023510994441840e-03	1.424921e+01	5.915691e+01	5.966251e-01	5.868685e-03
3.043510994441840e-03	1.424966e+01	5.953839e+01	6.013982e-01	5.915834e-03
3.063510994441840e-03	1.425035e+01	5.991805e+01	6.061704e-01	5.962882e-03
3.083510994441840e-03	1.425079e+01	6.029585e+01	6.109220e-01	6.009822e-03
3.103510994441840e-03	1.425146e+01	6.067177e+01	6.156710e-01	6.056646e-03
3.123510994441840e-03	1.425189e+01	6.104580e+01	6.203980e-01	6.103346e-03
3.143510994441840e-03	1.425255e+01	6.141790e+01	6.251209e-01	6.149914e-03
3.163510994441840e-03	1.425298e+01	6.178805e+01	6.298203e-01	6.196343e-03
3.183510994441840e-03	1.425362e+01	6.215624e+01	6.345139e-01	6.242627e-03
3.203510994441840e-03	1.425404e+01	6.252245e+01	6.391829e-01	6.288758e-03
3.223510994441840e-03	1.425468e+01	6.288664e+01	6.438445e-01	6.334729e-03
3.263510994441840e-03	1.425571e+01	6.360892e+01	6.531074e-01	6.426168e-03
3.303510994441840e-03	1.425673e+01	6.432293e+01	6.622975e-01	6.516892e-03
3.343510994441841e-03	1.425772e+01	6.502849e+01	6.714100e-01	6.606854e-03
3.403510994441841e-03	1.425907e+01	6.607067e+01	6.849189e-01	6.740270e-03
3.463510994441841e-03	1.426059e+01	6.709301e+01	6.982372e-01	6.871726e-03
3.523510994441841e-03	1.426185e+01	6.809502e+01	7.113345e-01	7.001091e-03
3.603510994441841e-03	1.426361e+01	6.939859e+01	7.284510e-01	7.170110e-03
3.683510994441841e-03	1.426529e+01	7.066411e+01	7.451406e-01	7.334921e-03
3.783510994441842e-03	1.426739e+01	7.219097e+01	7.653685e-01	7.534647e-03
3.883510994441842e-03	1.426918e+01	7.365493e+01	7.848396e-01	7.726988e-03
4.003510994441842e-03	1.427130e+01	7.532616e+01	8.071663e-01	7.947505e-03
4.143510994441843e-03	1.427367e+01	7.715445e+01	8.317047e-01	8.189843e-03
4.283510994441843e-03	1.427565e+01	7.884798e+01	8.545275e-01	8.415321e-03
4.443510994441843e-03	1.427778e+01	8.061357e+01	8.784313e-01	8.651456e-03
4.623510994441844e-03	1.427996e+01	8.237727e+01	9.024334e-01	8.888541e-03
4.843510994441844e-03	1.428201e+01	8.420404e+01	9.274476e-01	9.135713e-03
5.083510994441845e-03	1.428384e+01	8.577374e+01	9.491496e-01	9.350153e-03
5.343510994441846e-03	1.428530e+01	8.696503e+01	9.659003e-01	9.515667e-03
5.623510994441847e-03	1.428612e+01	8.764603e+01	9.759112e-01	9.614658e-03
5.923510994441847e-03	1.428615e+01	8.767654e+01	9.772876e-01	9.628406e-03
6.183510994441848e-03	1.428569e+01	8.711718e+01	9.706405e-01	9.562824e-03
6.303510994441848e-03	1.428524e+01	8.667638e+01	9.651220e-01	9.508363e-03
6.723510994441849e-03	1.428255e+01	8.423663e+01	9.337629e-01	9.198820e-03
7.143510994441851e-03	1.427838e+01	8.043674e+01	8.841307e-01	8.708714e-03
7.563510994441852e-03	1.427224e+01	7.534210e+01	8.170691e-01	8.046512e-03
7.963510994441847e-03	1.426460e+01	6.936663e+01	7.380706e-01	7.266356e-03
8.363510994441830e-03	1.425477e+01	6.239008e+01	6.455772e-01	6.352897e-03
8.763510994441814e-03	1.424217e+01	5.452162e+01	5.410595e-01	5.320664e-03
9.163510994441798e-03	1.422564e+01	4.588376e+01	4.261904e-01	4.186184e-03
9.543510994441782e-03	1.420427e+01	3.708603e+01	3.091855e-01	3.030531e-03
9.903510994441768e-03	1.417335e+01	2.832672e+01	1.929211e-01	1.882275e-03
1.006351099444176e-02	1.415249e+01	2.432333e+01	1.400900e-01	1.360542e-03
1.014351099444176e-02	1.413873e+01	2.229586e+01	1.135637e-01	1.098636e-03
1.020351099444176e-02	1.412403e+01	2.075925e+01	9.369365e-02	9.029638e-04
1.022351099444175e-02	1.412116e+01	2.024181e+01	8.720049e-02	8.382915e-04
1.024351099444175e-02	1.411133e+01	1.971894e+01	8.063769e-02	7.745798e-04
1.026351099444175e-02	1.410982e+01	1.918768e+01	7.441896e-02	7.123298e-04
1.028351099444175e-02	1.409582e+01	1.864368e+01	6.816530e-02	6.523726e-04
1.030351099444175e-02	1.410280e+01	1.808786e+01	6.256296e-02	5.945568e-04
1.032351099444175e-02	1.408493e+01	1.752678e+01	5.653536e-02	5.375349e-04
1.034351099444175e-02	1.408967e+01	1.696341e+01	5.101115e-02	4.806726e-04
1.036351099444175e-02	1.406910e+01	1.639898e+01	4.497211e-02	4.237298e-04
1.038351099444175e-02	1.407083e+01	1.583345e+01	3.942848e-02	3.667406e-04
1.040351099444175e-02	1.404747e+01	1.526642e+01	3.338736e-02	3.097912e-04
1.042351099444175e-02	1.404419e+01	1.469738e+01	2.785972e-02	2.529960e-04
1.044351099444175e-02	1.401438e+01	1.412494e+01	2.186292e-02	1.966418e-04
1.046351099444174e-02	1.399920e+01	1.354723e+01	1.646511e-02	1.411127e-04
1.048351099444174e-02	1.394784e+01	1.295702e+01	1.066495e-02	8.787045e-05
1.050351099444174e-02	1.388871e+01	1.234658e+01	5.976657e-03	3.854459e-05
1.050355005694174e-02	1.388916e+01	1.234719e+01	5.832977e-03	3.808010e-05
1.050362818194174e-02	1.389155e+01	1.234899e+01	5.726873e-03	3.703281e-05
1.050376231708524e-02	1.389110e+01	1.234579e+01	5.718039e-03	3.651862e-05
1.050430810794162e-02	1.388838e+01	1.232864e+01	5.574334e-03	3.526635e-05
1.050713735105115e-02	1.387268e+01	1.223758e+01	4.954940e-03	2.920759e-05
1.051037077174775e-02	1.385063e+01	1.213016e+01	4.277032e-03	2.295424e-05
1.051696407508558e-02	1.379676e+01	1.190498e+01	3.124057e-03	1.143311e-05
1.051814065641726e-02	1.378454e+01	1.186274e+01	2.954442e-03	9.788635e-06
1.051821649537539e-02	1.378400e+01	1.186025e+01	2.941609e-03	9.636115e-06
1.051825897156797e-02	1.378522e+01	1.186026e+01	2.923740e-03	9.262872e-06
1.051832196264289e-02	1.379278e+01	1.186530e+01	2.783670e-03	7.685122e-06
1.051839314296212e-02	1.380759e+01	1.187583e+01	2.456226e-03	4.913457e-06
1.051846532708595e-02	1.382294e+01	1.188609e+01	2.173983e-03	2.190516e-06
1.051850307262190e-02	1.382822e+01	1.188892e+01	2.099706e-03	1.281920e-06
1.051854762498804e-02	1.383146e+01	1.188971e+01	2.046808e-03	7.327532e-07
1.051859762681096e-02	1.383340e+01	1.188933e+01	2.013315e-03	3.746495e-07
1.051864892163115e-02	1.383425e+01	1.188817e+01	1.994032e-03	1.641253e-07
1.051869300978171e-02	1.383441e+01	1.188681e+01	1.984010e-03	5.689011e-08
1.051873605345078e-02	1.383423e+01	1.188529e+01	1.977530e-03	-8.579208e-09
1.051877944648684e-02	1.383384e+01	1.188365e+01	1.973076e-03	-5.226925e-08
1.051882093075421e-02	1.383334e+01	1.188202e+01	1.970108e-03	-8.054536e-08
1.051885907982245e-02	1.383280e+01	1.188048e+01	1.968141e-03	-9.827788e-08
1.051890028583735e-02	1.383216e+01	1.187878e+01	1.966583e-03	-1.112983e-07
1.051894540069095e-02	1.383140e+01	1.187690e+01	1.965339e-03	-1.208449e-07
1.051899700392664e-02	1.383050e+01	1.187473e+01	1.964288e-03	-1.279362e-07
1.051912009499855e-02	1.382824e+01	1.186951e+01	1.962613e-03	-1.362861e-07
1.051940050567306e-02	1.382293e+01	1.185755e+01	1.960194e-03	-1.408482e-07
1.053743174942123e-02	1.347406e+01	1.108494e+01	1.828297e-03	-1.733497e-07
1.054864775374613e-02	1.325227e+01	1.060184e+01	1.746317e-03	-1.863523e-07
1.056864775374613e-02	1.284986e+01	9.736810e+00	1.601583e-03	-1.972460e-07
1.064864775374613e-02	1.115058e+01	6.232334e+00	1.016189e-03	-2.166541e-07
1.072864775374612e-02	9.308584e+00	2.662178e+00	4.199788e-04	-2.341557e-07
1.076864775374612e-02	8.337068e+00	8.559183e-01	1.183900e-04	-2.424819e-07
1.078864775374612e-02	7.839196e+00	-5.193329e-02	-3.317293e-05	-2.465416e-07
1.082864775374612e-02	6.819956e+00	-1.876293e+00	-3.377339e-04	-2.544585e-07
1.084864775374612e-02	6.298874e+00	-2.792495e+00	-4.906806e-04	-2.583180e-07
1.088864775374612e-02	5.234501e+00	-4.632196e+00	-7.977562e-04	-2.658452e-07
1.094864775374611e-02	3.584523e+00	-7.407840e+00	-1.260996e-03	-2.766833e-07
1.098864775374611e-02	2.450539e+00	-9.267380e+00	-1.571317e-03	-2.836395e-07
1.102864775374611e-02	1.290626e+00	-1.113297e+01	-1.882627e-03	-2.904370e-07
1.104864775374611e-02	7.012822e-01	-1.206771e+01	-2.038610e-03	-2.939554e-07
1.106864775374611e-02	1.071392e-01	-1.300336e+01	-2.194827e-03	-2.981070e-07
1.107114775374611e-02	3.241941e-02	-1.312040e+01	-2.214451e-03	-2.990860e-07
1.107614775374611e-02	-1.177118e-01	-1.335459e+01	-2.253720e-03	-3.013000e-07
1.108614775374611e-02	-4.191628e-01	-1.382316e+01	-2.331949e-03	-3.038910e-07
1.112123438033395e-02	-1.487786e+00	-1.546881e+01	-2.606493e-03	-3.096032e-07
1.116123438033395e-02	-2.726119e+00	-1.734735e+01	-2.919873e-03	-3.155399e-07
1.122123438033394e-02	-4.623466e+00	-2.016845e+01	-3.390423e-03	-3.238096e-07
1.128123438033394e-02	-6.565712e+00	-2.299092e+01	-3.861144e-03	-3.314257e-07
1.134123438033394e-02	-8.549601e+00	-2.581202e+01	-4.331569e-03	-3.384450e-07
1.138123438033394e-02	-9.893759e+00	-2.769070e+01	-4.644813e-03	-3.428106e-07
1.142123438033394e-02	-1.125410e+01	-2.956686e+01	-4.957615e-03	-3.469341e-07
1.144123438033393e-02	-1.194005e+01	-3.050378e+01	-5.113816e-03	-3.489073e-07
1.146123438033393e-02	-1.262971e+01	-3.143980e+01	-5.269857e-03	-3.524049e-07
1.148123438033393e-02	-1.332218e+01	-3.237505e+01	-5.426363e-03	-3.610658e-07
1.148873438033393e-02	-1.358297e+01	-3.272534e+01	-5.486567e-03	-3.784689e-07
1.151444837116827e-02	-1.448112e+01	-3.392486e+01	-5.694474e-03	-4.600228e-07
1.155444837116827e-02	-1.588823e+01	-3.578694e+01	-6.018299e-03	-5.973971e-07
1.161444837116827e-02	-1.802150e+01	-3.856976e+01	-6.502972e-03	-8.104948e-07
1.169444837116826e-02	-2.090429e+01	-4.225769e+01	-7.146015e-03	-1.100404e-06
1.179444837116826e-02	-2.456070e+01	-4.682521e+01	-7.943334e-03	-1.468587e-06
1.193444837116825e-02	-2.975732e+01	-5.312627e+01	-9.044736e-03	-1.991181e-06
1.199694837116825e-02	-3.209909e+01	-5.590001e+01	-9.530009e-03	-2.229692e-06
1.200194837116825e-02	-3.228673e+01	-5.612054e+01	-9.570507e-03	-2.282349e-06
1.200519008544353e-02	-3.240798e+01	-5.626310e+01	-9.602618e-03	-2.387860e-06
1.200806512603325e-02	-3.251450e+01	-5.638863e+01	-9.645997e-03	-2.649199e-06
1.201076464782028e-02	-3.261253e+01	-5.650485e+01	-9.716216e-03	-3.220699e-06
1.201366916583904e-02	-3.271418e+01	-5.662681e+01	-9.849387e-03	-4.451128e-06
1.201674681908623e-02	-3.281734e+01	-5.675272e+01	-1.009117e-02	-6.419317e-06
1.201752856871843e-02	-3.284179e+01	-5.678325e+01	-1.017410e-02	-7.212416e-06
1.201856764427122e-02	-3.287344e+01	-5.682320e+01	-1.030011e-02	-8.392632e-06
1.201959694795361e-02	-3.290353e+01	-5.686176e+01	-1.044392e-02	-9.765969e-06
1.201998425269530e-02	-3.291451e+01	-5.687600e+01	-1.050312e-02	-1.033728e-05
1.202000172776184e-02	-3.291462e+01	-5.687628e+01	-1.050772e-02	-1.043704e-05
1.202003667789493e-02	-3.291279e+01	-5.687498e+01	-1.055127e-02	-1.101463e-05
1.202005914536359e-02	-3.290713e+01	-5.687009e+01	-1.064387e-02	-1.221584e-05
1.202008165132718e-02	-3.289096e+01	-5.685576e+01	-1.092205e-02	-1.534397e-05
1.202009717187870e-02	-3.286454e+01	-5.683213e+01	-1.137910e-02	-2.030656e-05
1.202011165173685e-02	-3.281369e+01	-5.678648e+01	-1.224486e-02	-2.975695e-05
1.202012547787269e-02	-3.272241e+01	-5.670446e+01	-1.379566e-02	-4.662271e-05
1.202013932477058e-02	-3.255836e+01	-5.655712e+01	-1.657813e-02	-7.682574e-05
1.202015330732997e-02	-3.226623e+01	-5.629484e+01	-2.147773e-02	-1.304949e-04
1.202016848300727e-02	-3.172720e+01	-5.581213e+01	-3.072687e-02	-2.291731e-04
1.202018267426178e-02	-3.089635e+01	-5.506968e+01	-4.510100e-02	-3.808648e-04
1.202019775027460e-02	-2.951979e+01	-5.384354e+01	-6.923135e-02	-6.313068e-04
1.202021277516160e-02	-2.753583e+01	-5.208509e+01	-1.046748e-01	-9.904122e-04
1.202022929770905e-02	-2.471996e+01	-4.960997e+01	-1.563414e-01	-1.495830e-03
1.202024763732395e-02	-2.125753e+01	-4.660246e+01	-2.199211e-01	-2.109944e-03
1.202025911118461e-02	-1.919919e+01	-4.482758e+01	-2.557863e-01	-2.472404e-03
1.202026622139455e-02	-1.816146e+01	-4.391448e+01	-2.743567e-01	-2.658881e-03
1.202027700645653e-02	-1.698042e+01	-4.282876e+01	-2.964422e-01	-2.880558e-03
1.202028436423575e-02	-1.638764e+01	-4.227757e+01	-3.071133e-01	-2.993104e-03
1.202029339578731e-02	-1.589686e+01	-4.182502e+01	-3.165849e-01	-3.085548e-03
1.202031024922977e-02	-1.531522e+01	-4.128704e+01	-3.278508e-01	-3.195482e-03
1.202033250917582e-02	-1.487485e+01	-4.088005e+01	-3.358518e-01	-3.278710e-03
1.202036520891134e-02	-1.455605e+01	-4.058503e+01	-3.415352e-01	-3.339142e-03
1.202040555836698e-02	-1.438238e+01	-4.042494e+01	-3.444407e-01	-3.372078e-03
1.202046766002137e-02	-1.428441e+01	-4.033502e+01	-3.460776e-01	-3.390828e-03
1.202055400369885e-02	-1.423990e+01	-4.029550e+01	-3.467499e-01	-3.399440e-03
1.202070132972242e-02	-1.422094e+01	-4.028055e+01	-3.470675e-01	-3.403422e-03
1.202095490927462e-02	-1.421370e+01	-4.027890e+01	-3.472048e-01	-3.405386e-03
1.202125254741994e-02	-1.421255e+01	-4.028342e+01	-3.472818e-01	-3.406373e-03
1.205351595394990e-02	-1.421345e+01	-4.091312e+01	-3.549421e-01	-3.481907e-03
1.209351595394990e-02	-1.421524e+01	-4.169724e+01	-3.645270e-01	-3.576474e-03
1.211351595394990e-02	-1.421595e+01	-4.209036e+01	-3.693529e-01	-3.624146e-03
1.213351595394990e-02	-1.421699e+01	-4.248412e+01	-3.742160e-01	-3.672063e-03
1.215351595394989e-02	-1.421770e+01	-4.287843e+01	-3.790897e-01	-3.720210e-03
1.217351595394989e-02	-1.421873e+01	-4.327325e+01	-3.839975e-01	-3.768573e-03
1.219351595394989e-02	-1.421943e+01	-4.366850e+01	-3.889132e-01	-3.817138e-03
1.221351595394989e-02	-1.422044e+01	-4.406411e+01	-3.938602e-01	-3.865893e-03
1.223351595394989e-02	-1.422112e+01	-4.446003e+01	-3.988127e-01	-3.914825e-03
1.225351595394989e-02	-1.422212e+01	-4.485619e+01	-4.037936e-01	-3.963920e-03
1.227351595394989e-02	-1.422280e+01	-4.525254e+01	-4.087779e-01	-4.013166e-03
1.229351595394989e-02	-1.422378e+01	-4.564902e+01	-4.137878e-01	-4.062552e-03
1.231351595394989e-02	-1.422444e+01	-4.604556e+01	-4.187988e-01	-4.112066e-03
1.233351595394989e-02	-1.422541e+01	-4.644211e+01	-4.238330e-01	-4.161695e-03
1.235351595394989e-02	-1.422606e+01	-4.683862e+01	-4.288663e-01	-4.211430e-03
1.237351595394989e-02	-1.422701e+01	-4.723503e+01	-4.339203e-01	-4.261259e-03
1.241351595394988e-02	-1.422859e+01	-4.802733e+01	-4.440409e-01	-4.361158e-03
1.245351595394988e-02	-1.423013e+01	-4.881860e+01	-4.541864e-01	-4.461308e-03
1.249351595394988e-02	-1.423165e+01	-4.960844e+01	-4.643491e-01	-4.561632e-03
1.255351595394988e-02	-1.423374e+01	-5.078965e+01	-4.796036e-01	-4.712281e-03
1.261351595394988e-02	-1.423605e+01	-5.196551e+01	-4.948659e-01	-4.862914e-03
1.267351595394987e-02	-1.423802e+01	-5.313482e+01	-5.100930e-01	-5.013308e-03
1.275351595394987e-02	-1.424074e+01	-5.468176e+01	-5.303274e-01	-5.213101e-03
1.283351595394987e-02	-1.424336e+01	-5.621252e+01	-5.504337e-01	-5.411641e-03
1.293351595394986e-02	-1.424661e+01	-5.809961e+01	-5.753264e-01	-5.657414e-03
1.303351595394986e-02	-1.424946e+01	-5.995341e+01	-5.998678e-01	-5.899819e-03
1.315351595394985e-02	-1.425284e+01	-6.212846e+01	-6.287748e-01	-6.185307e-03
1.329351595394985e-02	-1.425665e+01	-6.458978e+01	-6.616148e-01	-6.509613e-03
1.345351595394984e-02	-1.426054e+01	-6.729113e+01	-6.977865e-01	-6.866884e-03
1.363351595394983e-02	-1.426442e+01	-7.017334e+01	-7.365158e-01	-7.249475e-03
1.383351595394983e-02	-1.426840e+01	-7.316315e+01	-7.768376e-01	-7.647773e-03
1.405351595394982e-02	-1.427237e+01	-7.617216e+01	-8.175690e-01	-8.050100e-03
1.431351595394981e-02	-1.427617e+01	-7.932252e+01	-8.603815e-01	-8.473080e-03
1.459351595394980e-02	-1.427962e+01	-8.219193e+01	-8.995824e-01	-8.860370e-03
1.491351595394978e-02	-1.428265e+01	-8.477003e+01	-9.350746e-01	-9.211052e-03
1.511351595394977e-02	-1.428407e+01	-8.598695e+01	-9.520042e-01	-9.378348e-03
1.545351595394976e-02	-1.428575e+01	-8.733933e+01	-9.712223e-01	-9.568273e-03
1.581351595394975e-02	-1.428631e+01	-8.776995e+01	-9.781727e-01	-9.637070e-03
1.615351595394973e-02	-1.428571e+01	-8.722280e+01	-9.719527e-01	-9.575805e-03
1.633351595394972e-02	-1.428513e+01	-8.655894e+01	-9.636453e-01	-9.493790e-03
1.675351595394971e-02	-1.428231e+01	-8.401601e+01	-9.309027e-01	-9.170581e-03
1.717351595394969e-02	-1.427802e+01	-8.011858e+01	-8.799589e-01	-8.667519e-03
1.759351595394967e-02	-1.427173e+01	-7.493302e+01	-8.116726e-01	-7.993219e-03
1.799351595394966e-02	-1.426394e+01	-6.887812e+01	-7.316034e-01	-7.202486e-03
1.839351595394964e-02	-1.425393e+01	-6.183017e+01	-6.381468e-01	-6.279512e-03
1.879351595394962e-02	-1.424109e+01	-5.389927e+01	-5.327876e-01	-5.238965e-03
1.919351595394961e-02	-1.422420e+01	-4.520876e+01	-4.172121e-01	-4.097507e-03
1.957351595394959e-02	-1.420218e+01	-3.637054e+01	-2.996739e-01	-2.936596e-03
1.991351595394958e-02	-1.417187e+01	-2.807839e+01	-1.896218e-01	-1.849815e-03
1.999351595394958e-02	-1.416208e+01	-2.608294e+01	-1.632458e-01	-1.589364e-03
2.000000000000000e-02	-1.416124e+01	-2.592022e+01	-1.611166e-01	-1.568275e-03
Step Information: A=999m  (Step: 3/3)
0.000000000000000e+00	-1.604570e-22	-4.307828e-23	8.615638e-25	8.688811e-27
5.919904368535363e-07	1.014577e-08	1.128308e-05	1.572350e-09	2.897895e-13
1.663486358681824e-06	8.994538e-08	7.740733e-05	1.231168e-08	1.196341e-12
2.225812761907312e-06	1.755487e-07	1.351830e-04	2.201336e-08	1.861426e-12
2.773384255852029e-06	3.018308e-07	2.085290e-04	3.414817e-08	2.649328e-12
3.465035477277741e-06	5.349571e-07	3.252821e-04	5.326431e-08	3.842564e-12
4.302703757184905e-06	9.459915e-07	5.015313e-04	8.207482e-08	5.574128e-12
5.377995727513821e-06	1.720132e-06	7.833572e-04	1.281371e-07	8.254047e-12
6.693046527127692e-06	3.122928e-06	1.212797e-03	1.983308e-07	1.222947e-11
8.358660640177644e-06	5.774782e-06	1.890589e-03	3.091014e-07	1.836812e-11
1.041181409624515e-05	1.068811e-05	2.931577e-03	4.792209e-07	2.763137e-11
1.299753617069004e-05	2.003845e-05	4.564930e-03	7.461155e-07	4.196309e-11
1.620229426049850e-05	3.763947e-05	7.086664e-03	1.158166e-06	6.384822e-11
2.022618129867774e-05	7.133296e-05	1.103038e-02	1.802529e-06	9.778908e-11
2.523203913584746e-05	1.354636e-04	1.713992e-02	2.800767e-06	1.500507e-10
3.151014953091748e-05	2.588430e-04	2.667975e-02	4.359450e-06	2.313245e-10
3.934421358407357e-05	4.955706e-04	4.149660e-02	6.780380e-06	3.572762e-10
4.917289027248589e-05	9.530350e-04	6.462658e-02	1.055965e-05	5.538047e-10
6.147616811223673e-05	1.836396e-03	1.006363e-01	1.644367e-05	8.601622e-10
7.694143422196994e-05	3.551147e-03	1.569013e-01	2.563791e-05	1.340319e-09
9.637883899178219e-05	6.787088e-03	2.436865e-01	3.999316e-05	2.084235e-09
1.163788389917822e-04	1.159038e-02	3.511243e-01	5.796606e-05	3.010069e-09
1.363788389917822e-04	1.821701e-02	4.774756e-01	7.912786e-05	4.104744e-09
1.563788389917822e-04	2.695366e-02	6.225238e-01	1.034193e-04	5.367008e-09
1.763788389917822e-04	3.806687e-02	7.859181e-01	1.307817e-04	6.792317e-09
1.963788389917822e-04	5.181318e-02	9.673115e-01	1.611564e-04	8.372750e-09
2.163788389917822e-04	6.843938e-02	1.166361e+00	1.944850e-04	1.009574e-08
2.363788389917822e-04	8.818269e-02	1.382727e+00	2.307093e-04	1.194358e-08
2.563788389917822e-04	1.112710e-01	1.616073e+00	2.697711e-04	1.389487e-08
2.763788389917822e-04	1.379231e-01	1.866069e+00	3.116128e-04	1.592843e-08
2.963788389917822e-04	1.683488e-01	2.132385e+00	3.561781e-04	1.802842e-08
3.163788389917822e-04	2.027493e-01	2.414696e+00	4.034123e-04	2.018777e-08
3.363788389917822e-04	2.413171e-01	2.712683e+00	4.532622e-04	2.240759e-08
3.563788389917822e-04	2.842365e-01	3.026027e+00	5.056756e-04	2.469332e-08
3.763788389917822e-04	3.316835e-01	3.354416e+00	5.606010e-04	2.705060e-08
3.963788389917822e-04	3.838266e-01	3.697539e+00	6.179870e-04	2.948288e-08
4.163788389917822e-04	4.408261e-01	4.055090e+00	6.777828e-04	3.199094e-08
4.363788389917822e-04	5.028350e-01	4.426767e+00	7.399378e-04	3.457348e-08
4.563788389917821e-04	5.699988e-01	4.812270e+00	8.044020e-04	3.722797e-08
4.763788389917821e-04	6.424559e-01	5.211304e+00	8.711258e-04	3.995125e-08
4.963788389917821e-04	7.203376e-01	5.623577e+00	9.400604e-04	4.273991e-08
5.163788389917821e-04	8.037683e-01	6.048801e+00	1.011157e-03	4.559053e-08
5.363788389917822e-04	8.928661e-01	6.486691e+00	1.084369e-03	4.849969e-08
5.563788389917822e-04	9.877420e-01	6.936965e+00	1.159648e-03	5.146407e-08
5.763788389917823e-04	1.088501e+00	7.399346e+00	1.236947e-03	5.448043e-08
5.963788389917824e-04	1.195242e+00	7.873560e+00	1.316222e-03	5.754561e-08
6.363788389917825e-04	1.427035e+00	8.856404e+00	1.480514e-03	6.381016e-08
6.763788389917826e-04	1.683792e+00	9.883371e+00	1.652169e-03	7.023408e-08
7.163788389917827e-04	1.966096e+00	1.095239e+01	1.830838e-03	7.679501e-08
7.563788389917828e-04	2.274446e+00	1.206144e+01	2.016183e-03	8.347180e-08
7.963788389917829e-04	2.609259e+00	1.320856e+01	2.207876e-03	9.024446e-08
8.563788389917830e-04	3.161824e+00	1.499642e+01	2.506615e-03	1.005422e-07
9.163788389917832e-04	3.775537e+00	1.685938e+01	2.817868e-03	1.109543e-07
9.763788389917834e-04	4.450916e+00	1.879144e+01	3.140630e-03	1.214265e-07
1.036378838991784e-03	5.188173e+00	2.078683e+01	3.473937e-03	1.319093e-07
1.116378838991784e-03	6.267284e+00	2.353637e+01	3.933159e-03	1.458255e-07
1.196378838991784e-03	7.455391e+00	2.637624e+01	4.407405e-03	1.595849e-07
1.296378838991784e-03	9.091344e+00	3.003526e+01	5.018355e-03	1.764369e-07
1.396378838991784e-03	1.089068e+01	3.379558e+01	5.646116e-03	1.927727e-07
1.496378838991785e-03	1.284769e+01	3.763718e+01	6.287346e-03	2.092310e-07
1.518878838991785e-03	1.330765e+01	3.851027e+01	6.433716e-03	2.176960e-07
1.533878838991785e-03	1.361999e+01	3.909460e+01	6.533398e-03	2.424251e-07
1.570107845773781e-03	1.438753e+01	4.051073e+01	6.776443e-03	3.152048e-07
1.630107845773781e-03	1.569893e+01	4.286943e+01	7.182534e-03	4.485194e-07
1.730107845773781e-03	1.799594e+01	4.683071e+01	7.865933e-03	6.866864e-07
1.870107845773781e-03	2.143104e+01	5.241412e+01	8.831304e-03	1.043716e-06
2.030107845773782e-03	2.564074e+01	5.880417e+01	9.938860e-03	1.479531e-06
2.230107845773782e-03	3.127091e+01	6.673074e+01	1.131658e-02	2.058697e-06
2.250107845773782e-03	3.185366e+01	6.751656e+01	1.145340e-02	2.152116e-06
2.270259212961282e-03	3.244315e+01	6.830712e+01	1.160516e-02	2.320404e-06
2.271352962961283e-03	3.247522e+01	6.834996e+01	1.161871e-02	2.388474e-06
2.272602962961283e-03	3.251183e+01	6.839891e+01	1.163702e-02	2.507732e-06
2.275102962961283e-03	3.258492e+01	6.849677e+01	1.168654e-02	2.905732e-06
2.278314317513347e-03	3.267833e+01	6.862244e+01	1.178998e-02	3.840631e-06
2.281776255111435e-03	3.277797e+01	6.875780e+01	1.198327e-02	5.712069e-06
2.285338987664057e-03	3.287870e+01	6.889701e+01	1.233084e-02	8.596143e-06
2.286370964210990e-03	3.290730e+01	6.893729e+01	1.247270e-02	9.949405e-06
2.286617671091352e-03	3.291410e+01	6.894691e+01	1.251005e-02	1.030633e-05
2.286637846208285e-03	3.291462e+01	6.894769e+01	1.251316e-02	1.047334e-05
2.286678196442151e-03	3.291525e+01	6.894926e+01	1.260054e-02	1.166573e-05
2.286701331689138e-03	3.291486e+01	6.895015e+01	1.279436e-02	1.386371e-05
2.286720036003794e-03	3.291317e+01	6.895084e+01	1.321024e-02	1.842520e-05
2.286734609431198e-03	3.290981e+01	6.895135e+01	1.393258e-02	2.617543e-05
2.286748040135618e-03	3.290336e+01	6.895176e+01	1.523142e-02	4.017954e-05
2.286761396793306e-03	3.289123e+01	6.895207e+01	1.758519e-02	6.559084e-05
2.286774881425151e-03	3.286882e+01	6.895223e+01	2.178327e-02	1.117184e-04
2.286789786820770e-03	3.282414e+01	6.895210e+01	3.007540e-02	2.004943e-04
2.286803311138811e-03	3.275295e+01	6.895151e+01	4.313523e-02	3.396466e-04
2.286817496435840e-03	3.262576e+01	6.895009e+01	6.627546e-02	5.838508e-04
2.286830907615989e-03	3.242730e+01	6.894758e+01	1.020826e-01	9.597932e-04
2.286844772660251e-03	3.209957e+01	6.894317e+01	1.609042e-01	1.572089e-03
2.286858197275717e-03	3.161291e+01	6.893634e+01	2.483866e-01	2.479000e-03
2.286871654365965e-03	3.093475e+01	6.892638e+01	3.799225e-01	3.772303e-03
2.286877216216614e-03	3.062285e+01	6.892056e+01	4.589327e-01	4.518642e-03
2.286885975100395e-03	3.012640e+01	6.890913e+01	6.056459e-01	5.967083e-03
2.286891599130213e-03	2.977524e+01	6.890089e+01	7.078301e-01	7.005765e-03
2.286898177001254e-03	2.929887e+01	6.888953e+01	8.451285e-01	8.425871e-03
2.286911332743335e-03	2.814637e+01	6.886145e+01	1.172451e+00	1.189717e-02
2.286937644227498e-03	2.539382e+01	6.879499e+01	1.998275e+00	2.001625e-02
2.286955246960713e-03	2.338173e+01	6.874291e+01	2.605940e+00	2.594477e-02
2.286961405788419e-03	2.268711e+01	6.871117e+01	2.812321e+00	2.800734e-02
2.286964043172893e-03	2.239836e+01	6.869096e+01	2.898436e+00	2.886385e-02
2.286969317941842e-03	2.184128e+01	6.863766e+01	3.065954e+00	3.050900e-02
2.286979867479741e-03	2.081821e+01	6.847508e+01	3.379646e+00	3.349988e-02
2.287000966555537e-03	1.909588e+01	6.793719e+01	3.904436e+00	3.854413e-02
2.287021849453631e-03	1.778811e+01	6.700923e+01	4.290436e+00	4.242164e-02
2.287040716104897e-03	1.692812e+01	6.552825e+01	4.545716e+00	4.495281e-02
2.287058284576139e-03	1.634696e+01	6.312757e+01	4.726115e+00	4.661459e-02
2.287077020575199e-03	1.588683e+01	5.908632e+01	4.878915e+00	4.787102e-02
2.287088904802387e-03	1.565933e+01	5.539630e+01	4.963481e+00	4.844285e-02
2.287098130764798e-03	1.551541e+01	5.161368e+01	5.025557e+00	4.875901e-02
2.287108439947930e-03	1.537972e+01	4.650064e+01	5.092720e+00	4.901135e-02
2.287119904443979e-03	1.525291e+01	4.006572e+01	5.164889e+00	4.919740e-02
2.287135226663175e-03	1.511446e+01	3.133677e+01	5.254465e+00	4.934270e-02
2.287156739793984e-03	1.496473e+01	2.077474e+01	5.356021e+00	4.946525e-02
2.287176169906497e-03	1.486632e+01	1.430051e+01	5.417861e+00	4.955629e-02
2.287203108182655e-03	1.476913e+01	9.382060e+00	5.467343e+00	4.968301e-02
2.287221192445526e-03	1.472010e+01	7.662017e+00	5.486534e+00	4.976412e-02
2.287235044905880e-03	1.468925e+01	6.999330e+00	5.496825e+00	4.981867e-02
2.287249867798906e-03	1.466153e+01	6.599222e+00	5.504914e+00	4.986795e-02
2.287267689088703e-03	1.463388e+01	6.338379e+00	5.511801e+00	4.991584e-02
2.287290449808882e-03	1.460508e+01	6.174864e+00	5.517539e+00	4.996292e-02
2.287307954629827e-03	1.458704e+01	6.118762e+00	5.520376e+00	4.998862e-02
2.287354991617969e-03	1.455151e+01	6.077372e+00	5.523769e+00	5.002081e-02
2.288306002588900e-03	1.447070e+01	5.944351e+00	5.400033e+00	4.880952e-02
2.291796498834962e-03	1.445459e+01	5.443547e+00	4.897773e+00	4.387346e-02
2.295117825352179e-03	1.444065e+01	5.013686e+00	4.466510e+00	3.963414e-02
2.297257407484998e-03	1.443302e+01	4.759619e+00	4.210713e+00	3.712717e-02
2.300349975064367e-03	1.442387e+01	4.421474e+00	3.868915e+00	3.378869e-02
2.305120128289457e-03	1.439496e+01	3.944562e+00	3.401392e+00	2.907718e-02
2.309712773001197e-03	1.437715e+01	3.552762e+00	3.010445e+00	2.520108e-02
2.313761260234948e-03	1.436295e+01	3.257139e+00	2.708020e+00	2.220411e-02
2.313965889445589e-03	1.436222e+01	3.267568e+00	2.693604e+00	2.206284e-02
2.314127343064097e-03	1.436162e+01	3.315775e+00	2.682105e+00	2.195294e-02
2.314287658473067e-03	1.436087e+01	3.480114e+00	2.670269e+00	2.184753e-02
2.314486110228494e-03	1.435979e+01	4.009681e+00	2.654102e+00	2.172651e-02
2.314676188480516e-03	1.435914e+01	5.064867e+00	2.635333e+00	2.162594e-02
2.314808404529509e-03	1.435840e+01	6.487861e+00	2.618922e+00	2.157497e-02
2.314980342494316e-03	1.435673e+01	9.764681e+00	2.590726e+00	2.154771e-02
2.315176330912345e-03	1.435657e+01	1.563779e+01	2.545413e+00	2.157527e-02
2.315375593904835e-03	1.435917e+01	2.365852e+01	2.485690e+00	2.166039e-02
2.315567607929569e-03	1.436224e+01	3.217160e+01	2.423652e+00	2.176646e-02
2.315764037237601e-03	1.436420e+01	4.006823e+01	2.366155e+00	2.185695e-02
2.315978290412868e-03	1.436460e+01	4.673342e+01	2.316130e+00	2.190750e-02
2.316198579309711e-03	1.436431e+01	5.138612e+01	2.277659e+00	2.190425e-02
2.316480107345751e-03	1.436211e+01	5.528305e+01	2.241757e+00	2.184863e-02
2.316586991271434e-03	1.436140e+01	5.627865e+01	2.230708e+00	2.181547e-02
2.316753424496407e-03	1.436108e+01	5.734790e+01	2.215379e+00	2.175202e-02
2.316895717798683e-03	1.436068e+01	5.804613e+01	2.203634e+00	2.169258e-02
2.317058586961796e-03	1.436028e+01	5.864271e+01	2.191300e+00	2.161980e-02
2.317215169517092e-03	1.435988e+01	5.907475e+01	2.180272e+00	2.154662e-02
2.317403136248136e-03	1.435941e+01	5.946083e+01	2.167816e+00	2.145594e-02
2.317590860898278e-03	1.435893e+01	5.974598e+01	2.156007e+00	2.136339e-02
2.317806994544315e-03	1.435837e+01	5.998346e+01	2.142982e+00	2.125522e-02
2.318034307746860e-03	1.435778e+01	6.016125e+01	2.129773e+00	2.114044e-02
2.318289563767431e-03	1.435713e+01	6.029827e+01	2.115385e+00	2.101094e-02
2.318571721956790e-03	1.435640e+01	6.039764e+01	2.099898e+00	2.086766e-02
2.318879116201403e-03	1.435561e+01	6.046289e+01	2.083409e+00	2.071189e-02
2.319235866977598e-03	1.435470e+01	6.050125e+01	2.064663e+00	2.053195e-02
2.319612711697995e-03	1.435373e+01	6.051208e+01	2.045252e+00	2.034326e-02
2.320061893879076e-03	1.435260e+01	6.049993e+01	2.022527e+00	2.012047e-02
2.320528237292330e-03	1.435144e+01	6.046931e+01	1.999362e+00	1.989192e-02
2.321129911085671e-03	1.434995e+01	6.041382e+01	1.970035e+00	1.960127e-02
2.321745054057914e-03	1.434848e+01	6.034698e+01	1.940655e+00	1.930949e-02
2.323500740743935e-03	1.434420e+01	6.013781e+01	1.859837e+00	1.850325e-02
2.327675990131965e-03	1.433441e+01	5.965459e+01	1.683952e+00	1.674506e-02
2.331890138204218e-03	1.432517e+01	5.923282e+01	1.527241e+00	1.517815e-02
2.336098937032770e-03	1.431652e+01	5.887360e+01	1.389137e+00	1.379726e-02
2.340310345030072e-03	1.430841e+01	5.856899e+01	1.267198e+00	1.257799e-02
2.344520642849325e-03	1.430081e+01	5.831288e+01	1.159630e+00	1.150239e-02
2.348731414451803e-03	1.429369e+01	5.809949e+01	1.064705e+00	1.055319e-02
2.352941983406410e-03	1.428702e+01	5.792389e+01	9.809515e-01	9.715674e-03
2.357152638935034e-03	1.428079e+01	5.778163e+01	9.070500e-01	8.976656e-03
2.361363257458679e-03	1.427496e+01	5.766885e+01	8.418442e-01	8.324576e-03
2.365755769415878e-03	1.426934e+01	5.757902e+01	7.819842e-01	7.726352e-03
2.369811970524900e-03	1.426465e+01	5.751865e+01	7.332342e-01	7.240340e-03
2.374184087501655e-03	1.426015e+01	5.747514e+01	6.868643e-01	6.779858e-03
2.377475007364117e-03	1.425720e+01	5.745578e+01	6.557199e-01	6.472534e-03
2.382045908831391e-03	1.425387e+01	5.744632e+01	6.172022e-01	6.096709e-03
2.389526200101155e-03	1.425049e+01	5.746932e+01	5.643535e-01	5.594152e-03
2.403385131823939e-03	1.424553e+01	5.759720e+01	4.923133e-01	4.911576e-03
2.423385131823939e-03	1.423520e+01	5.789991e+01	4.290977e-01	4.270106e-03
2.443385131823939e-03	1.422562e+01	5.829663e+01	3.956861e-01	3.902061e-03
2.463385131823939e-03	1.422031e+01	5.875465e+01	3.787936e-01	3.713990e-03
2.483385131823939e-03	1.421757e+01	5.924588e+01	3.711301e-01	3.626344e-03
2.503385131823939e-03	1.421634e+01	5.975456e+01	3.686662e-01	3.595148e-03
2.523385131823939e-03	1.421598e+01	6.027183e+01	3.691404e-01	3.595810e-03
2.543385131823939e-03	1.421612e+01	6.079264e+01	3.712741e-01	3.614461e-03
2.563385131823939e-03	1.421653e+01	6.131416e+01	3.743415e-01	3.643237e-03
2.583385131823939e-03	1.421709e+01	6.183475e+01	3.779296e-01	3.677668e-03
2.603385131823940e-03	1.421773e+01	6.235349e+01	3.818032e-01	3.715211e-03
2.623385131823940e-03	1.421841e+01	6.286986e+01	3.858283e-01	3.754419e-03
2.643385131823940e-03	1.421911e+01	6.338357e+01	3.899289e-01	3.794467e-03
2.683385131823940e-03	1.422052e+01	6.440242e+01	3.982016e-01	3.875414e-03
2.783385131823940e-03	1.422392e+01	6.689727e+01	4.186883e-01	4.076118e-03
3.163385131823941e-03	1.423487e+01	7.568423e+01	4.910643e-01	4.785362e-03
3.563385131823942e-03	1.424372e+01	8.371767e+01	5.573641e-01	5.435089e-03
3.963385131823943e-03	1.425049e+01	9.043837e+01	6.130118e-01	5.980463e-03
4.363385131823944e-03	1.425553e+01	9.577036e+01	6.573923e-01	6.415458e-03
4.783385131823945e-03	1.425920e+01	9.979883e+01	6.912437e-01	6.747318e-03
5.203385131823946e-03	1.426132e+01	1.021585e+02	7.115324e-01	6.946307e-03
5.623385131823947e-03	1.426199e+01	1.028125e+02	7.179418e-01	7.009322e-03
6.043385131823949e-03	1.426121e+01	1.017512e+02	7.103788e-01	6.935448e-03
6.463385131823950e-03	1.425897e+01	9.899393e+01	6.889852e-01	6.726070e-03
6.883385131823951e-03	1.425519e+01	9.458894e+01	6.541398e-01	6.384897e-03
7.303385131823952e-03	1.424974e+01	8.861283e+01	6.064546e-01	5.917923e-03
7.703385131823953e-03	1.424280e+01	8.155522e+01	5.498666e-01	5.363706e-03
8.103385131823942e-03	1.423380e+01	7.327739e+01	4.832933e-01	4.711655e-03
8.503385131823925e-03	1.422218e+01	6.390926e+01	4.078033e-01	3.972237e-03
8.903385131823909e-03	1.420687e+01	5.359737e+01	3.246261e-01	3.157508e-03
9.283385131823894e-03	1.418688e+01	4.307246e+01	2.397740e-01	2.326383e-03
9.503385131823885e-03	1.417119e+01	3.671195e+01	1.886397e-01	1.825556e-03
9.643385131823879e-03	1.415859e+01	3.257822e+01	1.555749e-01	1.501748e-03
9.723385131823876e-03	1.415005e+01	3.018887e+01	1.365934e-01	1.315895e-03
9.783385131823873e-03	1.414281e+01	2.838443e+01	1.223779e-01	1.176745e-03
9.823385131823872e-03	1.413749e+01	2.717556e+01	1.129504e-01	1.084496e-03
9.863385131823870e-03	1.413173e+01	2.596183e+01	1.036111e-01	9.931639e-04
9.883385131823869e-03	1.412867e+01	2.535304e+01	9.899794e-02	9.480847e-04
9.903385131823868e-03	1.412548e+01	2.474286e+01	9.444279e-02	9.036130e-04
9.923385131823868e-03	1.412217e+01	2.413118e+01	8.997053e-02	8.600050e-04
9.943385131823867e-03	1.411875e+01	2.351783e+01	8.561645e-02	8.176334e-04
9.963385131823866e-03	1.411524e+01	2.290253e+01	8.143258e-02	7.770139e-04
9.983385131823865e-03	1.411173e+01	2.228494e+01	7.748483e-02	7.387568e-04
1.000338513182386e-02	1.410833e+01	2.166460e+01	7.383673e-02	7.033265e-04
1.002338513182386e-02	1.410514e+01	2.104102e+01	7.049143e-02	6.706110e-04
1.004338513182386e-02	1.410210e+01	2.041385e+01	6.734304e-02	6.396777e-04
1.008338513182386e-02	1.409557e+01	1.914853e+01	6.099084e-02	5.777235e-04
1.010338513182386e-02	1.409175e+01	1.851086e+01	5.760059e-02	5.448603e-04
1.012338513182386e-02	1.408742e+01	1.787032e+01	5.404356e-02	5.103858e-04
1.016338513182386e-02	1.407703e+01	1.658214e+01	4.649651e-02	4.371642e-04
1.020338513182386e-02	1.406370e+01	1.528643e+01	3.852871e-02	3.597493e-04
1.026338513182385e-02	1.403518e+01	1.333215e+01	2.621254e-02	2.400473e-04
1.030338513182385e-02	1.400611e+01	1.202294e+01	1.811618e-02	1.615356e-04
1.032338513182385e-02	1.398616e+01	1.136617e+01	1.425278e-02	1.242628e-04
1.034338513182385e-02	1.396036e+01	1.070753e+01	1.064483e-02	8.961704e-05
1.036338513182385e-02	1.392620e+01	1.004642e+01	7.429570e-03	5.907619e-05
1.038338513182385e-02	1.388000e+01	9.381926e+00	4.813499e-03	3.447140e-05
1.040345958119883e-02	1.382002e+01	8.711839e+00	2.972737e-03	1.522464e-05
1.040518089705896e-02	1.381391e+01	8.654028e+00	2.853621e-03	1.413718e-05
1.040694075736017e-02	1.380751e+01	8.594864e+00	2.737869e-03	1.309989e-05
1.041112734894736e-02	1.379183e+01	8.453988e+00	2.486157e-03	1.078860e-05
1.041273739999768e-02	1.378559e+01	8.399728e+00	2.397930e-03	9.994967e-06
1.041282575066334e-02	1.378525e+01	8.396749e+00	2.393049e-03	9.920577e-06
1.041291162038265e-02	1.378504e+01	8.393856e+00	2.376065e-03	9.575057e-06
1.041295595395452e-02	1.378533e+01	8.392369e+00	2.303136e-03	8.553779e-06
1.041300862944938e-02	1.378693e+01	8.390615e+00	1.995134e-03	5.950868e-06
1.041306808060238e-02	1.378989e+01	8.388638e+00	1.634275e-03	2.693442e-06
1.041309875780367e-02	1.379137e+01	8.387614e+00	1.544252e-03	1.572700e-06
1.041313195682403e-02	1.379262e+01	8.386502e+00	1.486442e-03	9.802802e-07
1.041317356403565e-02	1.379376e+01	8.385106e+00	1.449620e-03	5.934256e-07
1.041324216937468e-02	1.379489e+01	8.382801e+00	1.419776e-03	2.730829e-07
1.041328592887729e-02	1.379526e+01	8.381330e+00	1.411440e-03	1.637445e-07
1.041332479453624e-02	1.379544e+01	8.380024e+00	1.405644e-03	1.111973e-07
1.041337325612398e-02	1.379552e+01	8.378394e+00	1.401789e-03	6.949812e-08
1.041341718801144e-02	1.379550e+01	8.376916e+00	1.398922e-03	4.502992e-08
1.041345918314182e-02	1.379543e+01	8.375504e+00	1.397507e-03	3.005006e-08
1.041350364414798e-02	1.379532e+01	8.374008e+00	1.396095e-03	1.996071e-08
1.041354787883766e-02	1.379517e+01	8.372520e+00	1.395392e-03	1.364970e-08
1.041365170077860e-02	1.379478e+01	8.369028e+00	1.394142e-03	6.843155e-09
1.041387672967906e-02	1.379381e+01	8.361458e+00	1.392459e-03	3.083735e-09
1.046915448508247e-02	1.350762e+01	6.468299e+00	1.073933e-03	-3.364683e-08
1.050915448508247e-02	1.325697e+01	5.062386e+00	8.372914e-04	-5.798877e-08
1.052915448508247e-02	1.311747e+01	4.348235e+00	7.175965e-04	-6.611739e-08
1.054915448508247e-02	1.296856e+01	3.626903e+00	5.970041e-04	-7.165160e-08
1.056915448508247e-02	1.281028e+01	2.898597e+00	4.752622e-04	-7.637343e-08
1.060915448508247e-02	1.246580e+01	1.421876e+00	2.284385e-04	-8.569890e-08
1.062915448508247e-02	1.227968e+01	6.738613e-01	1.034235e-04	-9.032890e-08
1.064915448508247e-02	1.208437e+01	-8.032773e-02	-2.261863e-05	-9.493555e-08
1.066915448508247e-02	1.187993e+01	-8.404989e-01	-1.496527e-04	-9.951773e-08
1.068915448508246e-02	1.166640e+01	-1.606463e+00	-2.776501e-04	-1.040744e-07
1.070915448508246e-02	1.144384e+01	-2.378032e+00	-4.065765e-04	-1.086044e-07
1.072915448508246e-02	1.121231e+01	-3.155024e+00	-5.364044e-04	-1.131069e-07
1.076915448508246e-02	1.072258e+01	-4.724552e+00	-7.986379e-04	-1.220254e-07
1.082915448508246e-02	9.922238e+00	-7.115073e+00	-1.197996e-03	-1.351741e-07
1.090915448508246e-02	8.735231e+00	-1.036297e+01	-1.740506e-03	-1.522467e-07
1.098915448508245e-02	7.415462e+00	-1.367063e+01	-2.292908e-03	-1.687594e-07
1.106915448508245e-02	5.967882e+00	-1.702837e+01	-2.853589e-03	-1.846850e-07
1.112915448508245e-02	4.801462e+00	-1.957404e+01	-3.278617e-03	-1.962369e-07
1.118915448508244e-02	3.568383e+00	-2.213913e+01	-3.706842e-03	-2.074576e-07
1.122915448508244e-02	2.710457e+00	-2.385826e+01	-3.993818e-03	-2.147643e-07
1.126915448508244e-02	1.824660e+00	-2.558349e+01	-4.281798e-03	-2.219504e-07
1.130915448508244e-02	9.117100e-01	-2.731387e+01	-4.570627e-03	-2.290572e-07
1.132915448508244e-02	4.452791e-01	-2.818071e+01	-4.715316e-03	-2.331972e-07
1.134915448508244e-02	-2.766452e-02	-2.904848e+01	-4.860396e-03	-2.383109e-07
1.136915448508244e-02	-5.070330e-01	-2.991710e+01	-5.005533e-03	-2.431779e-07
1.138915448508244e-02	-9.927358e-01	-3.078643e+01	-5.150622e-03	-2.469819e-07
1.142915448508243e-02	-1.982770e+00	-3.252684e+01	-5.441067e-03	-2.535565e-07
1.148915448508243e-02	-3.513005e+00	-3.514027e+01	-5.877153e-03	-2.629136e-07
1.156915448508243e-02	-5.633759e+00	-3.862589e+01	-6.458692e-03	-2.745963e-07
1.166915448508242e-02	-8.405604e+00	-4.297610e+01	-7.184365e-03	-2.880324e-07
1.178915448508242e-02	-1.189381e+01	-4.817191e+01	-8.050938e-03	-3.025258e-07
1.183165448508242e-02	-1.316711e+01	-5.000292e+01	-8.356276e-03	-3.085362e-07
1.183665448508242e-02	-1.331840e+01	-5.021788e+01	-8.392690e-03	-3.156402e-07
1.184665448508242e-02	-1.362169e+01	-5.064754e+01	-8.466502e-03	-3.377314e-07
1.187242801680835e-02	-1.440803e+01	-5.175325e+01	-8.657846e-03	-4.091972e-07
1.195242801680835e-02	-1.688912e+01	-5.516885e+01	-9.251232e-03	-6.554758e-07
1.211242801680834e-02	-2.201951e+01	-6.190973e+01	-1.042557e-02	-1.175049e-06
1.235242801680833e-02	-3.005384e+01	-7.173577e+01	-1.214296e-02	-1.988469e-06
1.241242801680833e-02	-3.211112e+01	-7.412994e+01	-1.256232e-02	-2.198093e-06
1.241492801680833e-02	-3.219716e+01	-7.422915e+01	-1.257999e-02	-2.216613e-06
1.241992801680833e-02	-3.236934e+01	-7.442725e+01	-1.262019e-02	-2.312447e-06
1.242286012177516e-02	-3.247021e+01	-7.454336e+01	-1.265385e-02	-2.476070e-06
1.242565917978309e-02	-3.256626e+01	-7.465411e+01	-1.270636e-02	-2.864261e-06
1.242845289640068e-02	-3.266161e+01	-7.476456e+01	-1.279855e-02	-3.703363e-06
1.243163877689307e-02	-3.276921e+01	-7.489040e+01	-1.298951e-02	-5.562302e-06
1.243463159921983e-02	-3.286853e+01	-7.500850e+01	-1.331054e-02	-8.217382e-06
1.243553276287471e-02	-3.289787e+01	-7.504402e+01	-1.344699e-02	-9.524307e-06
1.243603498645415e-02	-3.291409e+01	-7.506380e+01	-1.353314e-02	-1.035165e-05
1.243605084991917e-02	-3.291459e+01	-7.506443e+01	-1.353599e-02	-1.042414e-05
1.243608257684920e-02	-3.291543e+01	-7.506567e+01	-1.356836e-02	-1.096633e-05
1.243611040134909e-02	-3.291566e+01	-7.506676e+01	-1.369545e-02	-1.246518e-05
1.243613034169871e-02	-3.291492e+01	-7.506752e+01	-1.395523e-02	-1.540790e-05
1.243614715514556e-02	-3.291268e+01	-7.506814e+01	-1.448273e-02	-2.118792e-05
1.243616131309291e-02	-3.290823e+01	-7.506861e+01	-1.542109e-02	-3.129165e-05
1.243617476265248e-02	-3.289973e+01	-7.506899e+01	-1.711515e-02	-4.956109e-05
1.243618818927825e-02	-3.288393e+01	-7.506926e+01	-2.015877e-02	-8.233750e-05
1.243620169247577e-02	-3.285526e+01	-7.506932e+01	-2.551572e-02	-1.406852e-04
1.243621621339376e-02	-3.280055e+01	-7.506902e+01	-3.563200e-02	-2.487317e-04
1.243622973795205e-02	-3.271239e+01	-7.506818e+01	-5.175820e-02	-4.200338e-04
1.243624374485050e-02	-3.255890e+01	-7.506636e+01	-7.960007e-02	-7.132622e-04
1.243625720923657e-02	-3.231845e+01	-7.506323e+01	-1.228861e-01	-1.166289e-03
1.243627098892299e-02	-3.193131e+01	-7.505795e+01	-1.923592e-01	-1.887086e-03
1.243628439773255e-02	-3.136794e+01	-7.504998e+01	-2.947383e-01	-2.934952e-03
1.243629550892029e-02	-3.077250e+01	-7.504047e+01	-4.205386e-01	-4.162603e-03
1.243630139102962e-02	-3.044558e+01	-7.503371e+01	-5.120493e-01	-5.025228e-03
1.243630874774663e-02	-3.001699e+01	-7.502363e+01	-6.394329e-01	-6.300893e-03
1.243631515753335e-02	-2.959361e+01	-7.501372e+01	-7.617265e-01	-7.546437e-03
1.243632234381702e-02	-2.904636e+01	-7.500063e+01	-9.211881e-01	-9.179113e-03
1.243633535665939e-02	-2.787873e+01	-7.497252e+01	-1.260852e+00	-1.265789e-02
1.243635065147685e-02	-2.630379e+01	-7.493471e+01	-1.734946e+00	-1.729811e-02
1.243636319629206e-02	-2.488390e+01	-7.490083e+01	-2.161121e+00	-2.149144e-02
1.243637781082483e-02	-2.319414e+01	-7.485362e+01	-2.663098e+00	-2.650925e-02
1.243638174625604e-02	-2.275390e+01	-7.482864e+01	-2.794236e+00	-2.781542e-02
1.243638699349766e-02	-2.218551e+01	-7.477977e+01	-2.965126e+00	-2.949330e-02
1.243639748798091e-02	-2.113516e+01	-7.462392e+01	-3.286542e+00	-3.256769e-02
1.243641847694740e-02	-1.935083e+01	-7.409179e+01	-3.831156e+00	-3.779129e-02
1.243643995816635e-02	-1.794208e+01	-7.312817e+01	-4.247926e+00	-4.196632e-02
1.243645907790520e-02	-1.702868e+01	-7.160056e+01	-4.518634e+00	-4.465907e-02
1.243647665022894e-02	-1.642082e+01	-6.913619e+01	-4.707129e+00	-4.640015e-02
1.243649551793699e-02	-1.593594e+01	-6.496795e+01	-4.867625e+00	-4.772909e-02
1.243650651240619e-02	-1.571521e+01	-6.145109e+01	-4.949397e+00	-4.828660e-02
1.243651608535795e-02	-1.555843e+01	-5.737504e+01	-5.016887e+00	-4.863285e-02
1.243652642391940e-02	-1.541513e+01	-5.200241e+01	-5.087660e+00	-4.890152e-02
1.243653713433299e-02	-1.529101e+01	-4.556327e+01	-5.159202e+00	-4.908051e-02
1.243655476345529e-02	-1.512513e+01	-3.450829e+01	-5.269799e+00	-4.924042e-02
1.243657527358136e-02	-1.497690e+01	-2.323223e+01	-5.375019e+00	-4.934116e-02
1.243659530168834e-02	-1.487213e+01	-1.558728e+01	-5.445270e+00	-4.941840e-02
1.243662043128830e-02	-1.477856e+01	-1.020850e+01	-5.496611e+00	-4.952439e-02
1.243664065378737e-02	-1.472235e+01	-7.962864e+00	-5.520196e+00	-4.961097e-02
1.243665408186746e-02	-1.469187e+01	-7.196891e+00	-5.530831e+00	-4.966311e-02
1.243666810400628e-02	-1.466506e+01	-6.750902e+00	-5.539057e+00	-4.970971e-02
1.243668589659804e-02	-1.463668e+01	-6.435633e+00	-5.546463e+00	-4.975846e-02
1.243670696607828e-02	-1.460905e+01	-6.243258e+00	-5.552257e+00	-4.980419e-02
1.243672226348892e-02	-1.459244e+01	-6.177449e+00	-5.555072e+00	-4.982876e-02
1.243676561940399e-02	-1.455719e+01	-6.121073e+00	-5.559080e+00	-4.986552e-02
1.243749748671714e-02	-1.447191e+01	-6.017895e+00	-5.470860e+00	-4.900102e-02
1.244194911714222e-02	-1.445084e+01	-5.385974e+00	-4.836942e+00	-4.277073e-02
1.244683267675226e-02	-1.442583e+01	-4.779354e+00	-4.233022e+00	-3.678504e-02
1.244925039048613e-02	-1.441857e+01	-4.514488e+00	-3.965351e+00	-3.416928e-02
1.245201349189626e-02	-1.441561e+01	-4.239203e+00	-3.682341e+00	-3.144868e-02
1.245753969471653e-02	-1.438901e+01	-3.733510e+00	-3.181856e+00	-2.644741e-02
1.246088459532298e-02	-1.437077e+01	-3.465749e+00	-2.920101e+00	-2.379597e-02
1.246292854031308e-02	-1.436356e+01	-3.317686e+00	-2.771365e+00	-2.231990e-02
1.246336749744584e-02	-1.436204e+01	-3.296947e+00	-2.740580e+00	-2.201502e-02
1.246358714677150e-02	-1.436123e+01	-3.308828e+00	-2.725231e+00	-2.186425e-02
1.246376433395931e-02	-1.436056e+01	-3.373303e+00	-2.712666e+00	-2.174501e-02
1.246391836659740e-02	-1.435984e+01	-3.561527e+00	-2.701242e+00	-2.164546e-02
1.246411229754857e-02	-1.435870e+01	-4.169177e+00	-2.685161e+00	-2.153077e-02
1.246430552659765e-02	-1.435798e+01	-5.418670e+00	-2.665320e+00	-2.143443e-02
1.246444323879025e-02	-1.435726e+01	-7.125821e+00	-2.647063e+00	-2.138820e-02
1.246460971402265e-02	-1.435542e+01	-1.079649e+01	-2.617423e+00	-2.137621e-02
1.246481778900491e-02	-1.435560e+01	-1.790590e+01	-2.564407e+00	-2.143031e-02
1.246500596543105e-02	-1.435872e+01	-2.639075e+01	-2.502589e+00	-2.153656e-02
1.246519650730647e-02	-1.436203e+01	-3.574705e+01	-2.436054e+00	-2.166795e-02
1.246539550324903e-02	-1.436421e+01	-4.450212e+01	-2.373761e+00	-2.178202e-02
1.246561063884630e-02	-1.436465e+01	-5.176612e+01	-2.320712e+00	-2.185074e-02
1.246583333902016e-02	-1.436381e+01	-5.693644e+01	-2.280163e+00	-2.186280e-02
1.246605752967629e-02	-1.436215e+01	-6.040755e+01	-2.249814e+00	-2.183132e-02
1.246619196387124e-02	-1.436148e+01	-6.181980e+01	-2.235009e+00	-2.179572e-02
1.246636365205465e-02	-1.436111e+01	-6.308566e+01	-2.218616e+00	-2.173696e-02
1.246652153492606e-02	-1.436070e+01	-6.394310e+01	-2.205339e+00	-2.167551e-02
1.246671294342671e-02	-1.436022e+01	-6.469834e+01	-2.190857e+00	-2.159427e-02
1.246688461275806e-02	-1.435978e+01	-6.519164e+01	-2.178943e+00	-2.151722e-02
1.246710368090786e-02	-1.435924e+01	-6.564365e+01	-2.164770e+00	-2.141505e-02
1.246731027827023e-02	-1.435872e+01	-6.594904e+01	-2.152164e+00	-2.131632e-02
1.246756552642317e-02	-1.435808e+01	-6.621152e+01	-2.137308e+00	-2.119235e-02
1.246782151336618e-02	-1.435743e+01	-6.639145e+01	-2.122986e+00	-2.106692e-02
1.246812803187120e-02	-1.435667e+01	-6.653107e+01	-2.106388e+00	-2.091613e-02
1.246845288449341e-02	-1.435585e+01	-6.662093e+01	-2.089284e+00	-2.075641e-02
1.246883154999777e-02	-1.435492e+01	-6.667524e+01	-2.069829e+00	-2.057096e-02
1.246925565628783e-02	-1.435387e+01	-6.669590e+01	-2.048522e+00	-2.036474e-02
1.246973804931594e-02	-1.435269e+01	-6.668700e+01	-2.024792e+00	-2.013260e-02
1.247032138486031e-02	-1.435128e+01	-6.664957e+01	-1.996694e+00	-1.985558e-02
1.247095067703060e-02	-1.434978e+01	-6.659021e+01	-1.967046e+00	-1.956171e-02
1.247174145054675e-02	-1.434793e+01	-6.650208e+01	-1.930642e+00	-1.919976e-02
1.247346955063046e-02	-1.434385e+01	-6.629458e+01	-1.854130e+00	-1.843610e-02
1.247766800922544e-02	-1.433435e+01	-6.581000e+01	-1.683951e+00	-1.673472e-02
1.248188270559262e-02	-1.432546e+01	-6.538808e+01	-1.533170e+00	-1.522713e-02
1.248609162512229e-02	-1.431716e+01	-6.502650e+01	-1.400283e+00	-1.389843e-02
1.249030299209894e-02	-1.430940e+01	-6.471751e+01	-1.282931e+00	-1.272505e-02
1.249451330766357e-02	-1.430216e+01	-6.445527e+01	-1.179384e+00	-1.168969e-02
1.249872407166957e-02	-1.429539e+01	-6.423421e+01	-1.087986e+00	-1.077577e-02
1.250293464386689e-02	-1.428907e+01	-6.404959e+01	-1.007320e+00	-9.969161e-03
1.250714529800894e-02	-1.428319e+01	-6.389715e+01	-9.361210e-01	-9.257196e-03
1.251135591712503e-02	-1.427771e+01	-6.377315e+01	-8.732785e-01	-8.628775e-03
1.251586980338421e-02	-1.427233e+01	-6.366826e+01	-8.140756e-01	-8.037277e-03
1.252027489476809e-02	-1.426763e+01	-6.359077e+01	-7.634504e-01	-7.532816e-03
1.252242065175797e-02	-1.426556e+01	-6.356107e+01	-7.410809e-01	-7.310587e-03
1.252517644214274e-02	-1.426311e+01	-6.353009e+01	-7.143571e-01	-7.046066e-03
1.252896163201534e-02	-1.426022e+01	-6.349979e+01	-6.810210e-01	-6.718434e-03
1.253458515630646e-02	-1.425708e+01	-6.347873e+01	-6.378738e-01	-6.301232e-03
1.254427093666610e-02	-1.425445e+01	-6.349795e+01	-5.783297e-01	-5.743219e-03
1.256286505249251e-02	-1.424747e+01	-6.364924e+01	-5.017641e-01	-5.001390e-03
1.258286505249251e-02	-1.423680e+01	-6.391940e+01	-4.562210e-01	-4.511060e-03
1.260286505249251e-02	-1.423011e+01	-6.426912e+01	-4.323705e-01	-4.247740e-03
1.262286505249251e-02	-1.422650e+01	-6.466480e+01	-4.205700e-01	-4.115707e-03
1.264286505249251e-02	-1.422469e+01	-6.508589e+01	-4.155249e-01	-4.057103e-03
1.266286505249251e-02	-1.422393e+01	-6.552084e+01	-4.142821e-01	-4.039777e-03
1.268286505249251e-02	-1.422376e+01	-6.596309e+01	-4.151839e-01	-4.045711e-03
1.270286505249251e-02	-1.422393e+01	-6.640894e+01	-4.172949e-01	-4.064756e-03
1.272286505249251e-02	-1.422428e+01	-6.685625e+01	-4.200858e-01	-4.091174e-03
1.274286505249251e-02	-1.422474e+01	-6.730380e+01	-4.232571e-01	-4.121722e-03
1.276286505249251e-02	-1.422525e+01	-6.775087e+01	-4.266388e-01	-4.154560e-03
1.278286505249251e-02	-1.422579e+01	-6.819701e+01	-4.301348e-01	-4.188645e-03
1.280286505249251e-02	-1.422634e+01	-6.864198e+01	-4.336901e-01	-4.223386e-03
1.284286505249250e-02	-1.422745e+01	-6.952771e+01	-4.408680e-01	-4.293632e-03
1.294286505249250e-02	-1.423017e+01	-7.171356e+01	-4.587539e-01	-4.468845e-03
1.324286505249249e-02	-1.423752e+01	-7.797292e+01	-5.101687e-01	-4.972641e-03
1.358286505249247e-02	-1.424446e+01	-8.440431e+01	-5.631616e-01	-5.491939e-03
1.396286505249246e-02	-1.425066e+01	-9.060062e+01	-6.144153e-01	-5.994235e-03
1.436286505249244e-02	-1.425561e+01	-9.584949e+01	-6.580770e-01	-6.422178e-03
1.478286505249242e-02	-1.425923e+01	-9.983601e+01	-6.915654e-01	-6.750475e-03
1.520286505249241e-02	-1.426134e+01	-1.021766e+02	-7.116876e-01	-6.947829e-03
1.560286505249239e-02	-1.426200e+01	-1.028304e+02	-7.180394e-01	-7.010269e-03
1.602286505249238e-02	-1.426128e+01	-1.018475e+02	-7.111133e-01	-6.942634e-03
1.644286505249236e-02	-1.425911e+01	-9.916975e+01	-6.903671e-01	-6.739599e-03
1.686286505249234e-02	-1.425541e+01	-9.484252e+01	-6.561561e-01	-6.404641e-03
1.728286505249232e-02	-1.425005e+01	-8.894039e+01	-6.090756e-01	-5.943591e-03
1.768286505249231e-02	-1.424320e+01	-8.194827e+01	-5.530233e-01	-5.394624e-03
1.808286505249229e-02	-1.423432e+01	-7.372989e+01	-4.869364e-01	-4.747338e-03
1.848286505249228e-02	-1.422285e+01	-6.441419e+01	-4.118748e-01	-4.012117e-03
1.888286505249226e-02	-1.420777e+01	-5.414689e+01	-3.290591e-01	-3.200929e-03
1.926286505249224e-02	-1.418816e+01	-4.365653e+01	-2.444778e-01	-2.372455e-03
1.948286505249223e-02	-1.417284e+01	-3.731249e+01	-1.934578e-01	-1.872744e-03
1.962286505249223e-02	-1.416061e+01	-3.318799e+01	-1.604381e-01	-1.549370e-03
1.972286505249222e-02	-1.415011e+01	-3.020447e+01	-1.367169e-01	-1.317104e-03
1.978286505249222e-02	-1.414287e+01	-2.840012e+01	-1.225010e-01	-1.177949e-03
1.982286505249222e-02	-1.413756e+01	-2.719132e+01	-1.130727e-01	-1.085692e-03
1.986286505249222e-02	-1.413181e+01	-2.597765e+01	-1.037318e-01	-9.943431e-04
1.988286505249222e-02	-1.412875e+01	-2.536889e+01	-9.911722e-02	-9.492507e-04
1.990286505249222e-02	-1.412557e+01	-2.475875e+01	-9.456046e-02	-9.047603e-04
1.992286505249222e-02	-1.412226e+01	-2.414711e+01	-9.008546e-02	-8.611256e-04
1.994286505249222e-02	-1.411884e+01	-2.353380e+01	-8.572793e-02	-8.187160e-04
1.996286505249222e-02	-1.411534e+01	-2.291857e+01	-8.153861e-02	-7.780432e-04
1.998286505249221e-02	-1.411194e+01	-2.230115e+01	-7.758409e-02	-7.396063e-04
2.000000000000000e-02	-1.410977e+01	-2.177062e+01	-7.443672e-02	-7.083512e-04
