time	V(D,G)	V(a1)	V(l)	Ix(U1:G)
0.000000000000000e+00	3.155487e-22	1.845498e-22	-3.690997e-24	-3.722345e-26
5.919903919932141e-07	1.311759e-05	1.749235e-05	4.407558e-08	4.188782e-10
9.809770698562353e-07	3.694653e-05	4.784998e-05	8.268633e-08	7.543864e-10
1.400656170323223e-06	7.678177e-05	9.784089e-05	1.272826e-07	1.118430e-09
1.852932345753347e-06	1.362436e-04	1.718837e-04	1.788017e-07	1.510559e-09
2.281771198627783e-06	2.098009e-04	2.630420e-04	2.309545e-07	1.882246e-09
2.834646928512415e-06	3.295869e-04	4.110025e-04	3.029328e-07	2.361247e-09
3.491961018833692e-06	5.073305e-04	6.300003e-04	3.954459e-07	2.930464e-09
4.347234833014999e-06	7.956543e-04	9.845207e-04	5.270836e-07	3.670676e-09
5.382581604826567e-06	1.230695e-03	1.518550e-03	7.034412e-07	4.566081e-09
6.705040324208965e-06	1.923223e-03	2.367484e-03	9.557154e-07	5.708752e-09
8.325862655748009e-06	2.980539e-03	3.662092e-03	1.306089e-06	7.107638e-09
1.037829210700464e-05	4.647835e-03	5.701553e-03	1.814563e-06	8.876524e-09
1.291477717772048e-05	7.212590e-03	8.836056e-03	2.542465e-06	1.105871e-08
1.611211976932629e-05	1.123499e-02	1.374808e-02	3.615672e-06	1.380322e-08
2.008626900334448e-05	1.745180e-02	2.133403e-02	5.189535e-06	1.720437e-08
2.508739599519659e-05	2.717344e-02	3.318756e-02	7.543834e-06	2.146658e-08
3.133302439927735e-05	4.224769e-02	5.155249e-02	1.106063e-05	2.675418e-08
3.919773116408030e-05	6.579299e-02	8.021180e-02	1.638308e-05	3.333377e-08
4.906795599947081e-05	1.024005e-01	1.247241e-01	2.443848e-05	4.141011e-08
6.153503782079898e-05	1.595967e-01	1.941848e-01	3.673353e-05	5.124011e-08
7.728134213233254e-05	2.487781e-01	3.023277e-01	5.552801e-05	6.305429e-08
9.728134213233253e-05	3.864319e-01	4.689721e-01	8.445766e-05	7.730362e-08
1.172813421323325e-04	5.500796e-01	6.667320e-01	1.188091e-04	9.087445e-08
1.372813421323325e-04	7.400089e-01	8.958287e-01	1.583125e-04	1.038152e-07
1.572813421323325e-04	9.550052e-01	1.154683e+00	2.027084e-04	1.161663e-07
1.772813421323325e-04	1.193913e+00	1.441794e+00	2.517499e-04	1.279562e-07
1.972813421323325e-04	1.455634e+00	1.755738e+00	3.052026e-04	1.392107e-07
2.172813421323325e-04	1.739122e+00	2.095161e+00	3.628439e-04	1.499551e-07
2.372813421323325e-04	2.043382e+00	2.458780e+00	4.244624e-04	1.602133e-07
2.572813421323325e-04	2.367469e+00	2.845373e+00	4.898572e-04	1.700085e-07
2.772813421323325e-04	2.710480e+00	3.253779e+00	5.588376e-04	1.793623e-07
2.972813421323325e-04	3.071557e+00	3.682898e+00	6.312223e-04	1.882959e-07
3.172813421323325e-04	3.449885e+00	4.131681e+00	7.068389e-04	1.968289e-07
3.372813421323325e-04	3.844685e+00	4.599133e+00	7.855239e-04	2.049805e-07
3.572813421323325e-04	4.255215e+00	5.084309e+00	8.671215e-04	2.127684e-07
3.772813421323325e-04	4.680771e+00	5.586309e+00	9.514838e-04	2.202098e-07
3.972813421323325e-04	5.120680e+00	6.104279e+00	1.038470e-03	2.273208e-07
4.172813421323325e-04	5.574299e+00	6.637404e+00	1.127947e-03	2.341170e-07
4.372813421323325e-04	6.041019e+00	7.184914e+00	1.219788e-03	2.406129e-07
4.572813421323325e-04	6.520255e+00	7.746070e+00	1.313870e-03	2.468223e-07
4.772813421323325e-04	7.011453e+00	8.320176e+00	1.410080e-03	2.527585e-07
4.972813421323325e-04	7.514082e+00	8.906565e+00	1.508307e-03	2.584340e-07
5.172813421323325e-04	8.027636e+00	9.504603e+00	1.608448e-03	2.638606e-07
5.372813421323326e-04	8.551632e+00	1.011369e+01	1.710404e-03	2.690496e-07
5.772813421323327e-04	9.629128e+00	1.136274e+01	1.919385e-03	2.787571e-07
6.172813421323328e-04	1.074312e+01	1.264944e+01	2.134549e-03	2.876357e-07
6.572813421323329e-04	1.189046e+01	1.396992e+01	2.355258e-03	2.957568e-07
6.997813421323330e-04	1.314120e+01	1.540444e+01	2.595223e-03	3.045281e-07
7.047813421323330e-04	1.329079e+01	1.557560e+01	2.624210e-03	3.110217e-07
7.147813421323330e-04	1.359110e+01	1.591903e+01	2.683566e-03	3.326396e-07
7.400017013304210e-04	1.435538e+01	1.679178e+01	2.835917e-03	4.028986e-07
8.000017013304211e-04	1.621193e+01	1.890419e+01	3.206233e-03	5.891621e-07
8.600017013304212e-04	1.811749e+01	2.106141e+01	3.584891e-03	7.835948e-07
9.200017013304214e-04	2.006622e+01	2.325645e+01	3.970302e-03	9.826474e-07
1.000001701330422e-03	2.272192e+01	2.623067e+01	4.492618e-03	1.253377e-06
1.080001701330422e-03	2.543246e+01	2.924697e+01	5.022404e-03	1.528825e-06
1.180001701330422e-03	2.888232e+01	3.305931e+01	5.692118e-03	1.878151e-06
1.240001701330422e-03	3.097853e+01	3.536189e+01	6.096676e-03	2.089785e-06
1.260001701330422e-03	3.168073e+01	3.613098e+01	6.231843e-03	2.178088e-06
1.280001701330422e-03	3.238363e+01	3.690013e+01	6.374016e-03	2.316290e-06
1.281038319651757e-03	3.241981e+01	3.693976e+01	6.384455e-03	2.349656e-06
1.283111556294427e-03	3.249110e+01	3.701801e+01	6.411058e-03	2.521594e-06
1.286013172230549e-03	3.258819e+01	3.712511e+01	6.470224e-03	3.010354e-06
1.289351187634727e-03	3.269399e+01	3.724314e+01	6.590353e-03	4.106554e-06
1.292809286729605e-03	3.279377e+01	3.735677e+01	6.801254e-03	6.133971e-06
1.296857007553441e-03	3.289919e+01	3.748022e+01	7.189600e-03	9.492942e-06
1.297521515753211e-03	3.291417e+01	3.749840e+01	7.269114e-03	1.026015e-05
1.297545404834935e-03	3.291372e+01	3.749809e+01	7.273405e-03	1.038610e-05
1.297594523751910e-03	3.290971e+01	3.749461e+01	7.336062e-03	1.093456e-05
1.297602568273076e-03	3.290715e+01	3.749223e+01	7.360137e-03	1.120942e-05
1.297613294301297e-03	3.289965e+01	3.748512e+01	7.412909e-03	1.197752e-05
1.297634746357738e-03	3.286597e+01	3.745314e+01	7.673923e-03	1.532659e-05
1.297653391100015e-03	3.280011e+01	3.739065e+01	8.253782e-03	2.177757e-05
1.297669063413963e-03	3.268447e+01	3.728096e+01	9.290288e-03	3.303405e-05
1.297683536914210e-03	3.251231e+01	3.711845e+01	1.109328e-02	4.967613e-05
1.297685925369270e-03	3.247190e+01	3.708031e+01	1.151600e-02	5.357816e-05
1.297690702279390e-03	3.236448e+01	3.697838e+01	1.245020e-02	6.399937e-05
1.297700256099629e-03	3.208012e+01	3.670871e+01	1.495202e-02	9.155848e-05
1.297711131335882e-03	3.160591e+01	3.625927e+01	1.914398e-02	1.374700e-04
1.297724739488322e-03	3.069473e+01	3.539658e+01	2.726145e-02	2.255682e-04
1.297739448542381e-03	2.919705e+01	3.398158e+01	4.096769e-02	3.700383e-04
1.297755017776319e-03	2.691523e+01	3.183230e+01	6.242403e-02	5.894508e-04
1.297772003505271e-03	2.375731e+01	2.887462e+01	9.340671e-02	8.913781e-04
1.297792127405412e-03	1.966382e+01	2.507128e+01	1.324010e-01	1.279632e-03
1.297795389098921e-03	1.903907e+01	2.449581e+01	1.380579e-01	1.338377e-03
1.297801912485940e-03	1.800312e+01	2.355249e+01	1.483851e-01	1.434683e-03
1.297814959259977e-03	1.632869e+01	2.204711e+01	1.629223e-01	1.588392e-03
1.297817534007778e-03	1.608231e+01	2.183040e+01	1.647393e-01	1.610522e-03
1.297822683503381e-03	1.574338e+01	2.154540e+01	1.678961e-01	1.639637e-03
1.297832982494586e-03	1.525316e+01	2.114644e+01	1.719747e-01	1.680430e-03
1.297843854123282e-03	1.492631e+01	2.087473e+01	1.744703e-01	1.708239e-03
1.297856353123938e-03	1.470444e+01	2.066893e+01	1.764719e-01	1.729309e-03
1.297866639031488e-03	1.458254e+01	2.055024e+01	1.776457e-01	1.741478e-03
1.297880881405653e-03	1.446893e+01	2.044152e+01	1.787668e-01	1.752662e-03
1.297901954645355e-03	1.436881e+01	2.034541e+01	1.797981e-01	1.762603e-03
1.297944101124759e-03	1.427363e+01	2.025452e+01	1.807829e-01	1.772149e-03
1.298026577707562e-03	1.420556e+01	2.018989e+01	1.813791e-01	1.779276e-03
1.298129851676861e-03	1.418131e+01	2.016783e+01	1.815873e-01	1.782192e-03
1.299823530152632e-03	1.417003e+01	2.017854e+01	1.825308e-01	1.792008e-03
1.578896316941840e-03	1.420841e+01	2.380616e+01	3.271634e-01	3.232535e-03
1.838896316941841e-03	1.423179e+01	2.718067e+01	4.621222e-01	4.576698e-03
2.138896316941842e-03	1.425192e+01	3.100932e+01	6.152376e-01	6.101703e-03
2.498896316941843e-03	1.427052e+01	3.542807e+01	7.918839e-01	7.861074e-03
2.918896316941844e-03	1.428738e+01	4.022947e+01	9.838263e-01	9.772798e-03
3.338896316941845e-03	1.430058e+01	4.454156e+01	1.156340e+00	1.149102e-02
3.758896316941846e-03	1.431097e+01	4.827240e+01	1.305852e+00	1.298016e-02
4.178896316941847e-03	1.431897e+01	5.134795e+01	1.429470e+00	1.421141e-02
4.598896316941848e-03	1.432486e+01	5.370987e+01	1.524896e+00	1.516189e-02
5.018896316941849e-03	1.432877e+01	5.531446e+01	1.590399e+00	1.581435e-02
5.438896316941850e-03	1.433079e+01	5.613242e+01	1.624806e+00	1.615711e-02
5.858896316941851e-03	1.433094e+01	5.614874e+01	1.627503e+00	1.618405e-02
6.278896316941852e-03	1.432925e+01	5.536267e+01	1.598437e+00	1.589466e-02
6.698896316941853e-03	1.432566e+01	5.378752e+01	1.538115e+00	1.529397e-02
7.058896316941854e-03	1.432103e+01	5.182952e+01	1.462315e+00	1.453911e-02
7.478896316941855e-03	1.431370e+01	4.887081e+01	1.347135e+00	1.339205e-02
7.878896316941853e-03	1.430458e+01	4.542242e+01	1.212420e+00	1.205044e-02
8.278896316941836e-03	1.429305e+01	4.141342e+01	1.055463e+00	1.048730e-02
8.678896316941820e-03	1.427850e+01	3.690604e+01	8.787525e-01	8.727423e-03
9.078896316941804e-03	1.425975e+01	3.196960e+01	6.851039e-01	6.798855e-03
9.458896316941788e-03	1.423562e+01	2.694986e+01	4.882793e-01	4.838660e-03
9.818896316941774e-03	1.420109e+01	2.195435e+01	2.929604e-01	2.893487e-03
9.998896316941766e-03	1.417359e+01	1.937932e+01	1.929895e-01	1.897921e-03
1.011889631694176e-02	1.414525e+01	1.762611e+01	1.258574e-01	1.229466e-03
1.015889631694176e-02	1.413168e+01	1.702851e+01	1.034887e-01	1.006895e-03
1.017889631694176e-02	1.412300e+01	1.672325e+01	9.234430e-02	8.960962e-04
1.019889631694176e-02	1.411023e+01	1.640637e+01	8.127746e-02	7.863184e-04
1.021889631694176e-02	1.409587e+01	1.606433e+01	7.045475e-02	6.790910e-04
1.023889631694176e-02	1.409171e+01	1.569089e+01	6.006543e-02	5.750995e-04
1.025889631694176e-02	1.408284e+01	1.529913e+01	4.984733e-02	4.731061e-04
1.027889631694175e-02	1.406441e+01	1.490198e+01	3.963939e-02	3.718647e-04
1.029889631694175e-02	1.404277e+01	1.449987e+01	2.951941e-02	2.712986e-04
1.031889631694175e-02	1.400376e+01	1.408594e+01	1.948005e-02	1.721312e-04
1.033889631694175e-02	1.394832e+01	1.365654e+01	9.742728e-03	7.470323e-05
1.033901350444175e-02	1.394741e+01	1.365404e+01	9.685003e-03	7.413197e-05
1.034223853735011e-02	1.392926e+01	1.357717e+01	8.177993e-03	5.923746e-05
1.034538857495966e-02	1.390421e+01	1.349521e+01	6.748291e-03	4.540598e-05
1.035174817533874e-02	1.383786e+01	1.331698e+01	4.097803e-03	1.880836e-05
1.035230374349868e-02	1.382858e+01	1.329832e+01	3.893183e-03	1.680427e-05
1.035293867853860e-02	1.381675e+01	1.327589e+01	3.667565e-03	1.462760e-05
1.035430746874643e-02	1.378854e+01	1.322530e+01	3.218431e-03	1.016606e-05
1.035456147107624e-02	1.378273e+01	1.321543e+01	3.140555e-03	9.388297e-06
1.035460360223785e-02	1.378335e+01	1.321531e+01	3.122509e-03	9.104348e-06
1.035466513014613e-02	1.379088e+01	1.322139e+01	3.037725e-03	8.051110e-06
1.035474129451379e-02	1.381028e+01	1.323791e+01	2.792296e-03	5.829416e-06
1.035482129993755e-02	1.383513e+01	1.325879e+01	2.512599e-03	3.136676e-06
1.035484130129350e-02	1.384019e+01	1.326285e+01	2.464188e-03	2.581602e-06
1.035488130400538e-02	1.384692e+01	1.326772e+01	2.380538e-03	1.802580e-06
1.035494774867389e-02	1.385397e+01	1.327210e+01	2.288270e-03	8.876525e-07
1.035501924790037e-02	1.385730e+01	1.327317e+01	2.231711e-03	2.758279e-07
1.035508593013517e-02	1.385767e+01	1.327186e+01	2.201592e-03	-5.979091e-08
1.035513119454538e-02	1.385688e+01	1.327012e+01	2.188531e-03	-2.012735e-07
1.035517077166570e-02	1.385571e+01	1.326821e+01	2.180205e-03	-2.845889e-07
1.035520919737856e-02	1.385429e+01	1.326614e+01	2.174102e-03	-3.433231e-07
1.035525084082243e-02	1.385254e+01	1.326372e+01	2.169103e-03	-3.900983e-07
1.035529233128165e-02	1.385063e+01	1.326119e+01	2.165352e-03	-4.240061e-07
1.035533971436856e-02	1.384830e+01	1.325819e+01	2.162130e-03	-4.512938e-07
1.035539940342734e-02	1.384521e+01	1.325431e+01	2.159166e-03	-4.745626e-07
1.035546943589760e-02	1.384146e+01	1.324965e+01	2.156699e-03	-4.918778e-07
1.035555354696197e-02	1.383683e+01	1.324397e+01	2.154584e-03	-5.040235e-07
1.035577414117948e-02	1.382442e+01	1.322888e+01	2.150928e-03	-5.163179e-07
1.035775061945969e-02	1.371206e+01	1.309292e+01	2.127199e-03	-5.278609e-07
1.036422596490072e-02	1.334513e+01	1.264935e+01	2.050897e-03	-5.521054e-07
1.036907533659561e-02	1.307175e+01	1.231929e+01	1.995304e-03	-5.570399e-07
1.039369085740167e-02	1.170185e+01	1.067030e+01	1.721296e-03	-5.469554e-07
1.041369085740167e-02	1.060849e+01	9.359400e+00	1.503477e-03	-5.384559e-07
1.043369085740167e-02	9.530186e+00	8.070704e+00	1.289778e-03	-5.303887e-07
1.045369085740167e-02	8.467882e+00	6.805657e+00	1.079949e-03	-5.227816e-07
1.047369085740167e-02	7.420697e+00	5.563038e+00	8.738251e-04	-5.156121e-07
1.049369085740167e-02	6.387802e+00	4.341690e+00	6.711817e-04	-5.088590e-07
1.051369085740167e-02	5.368413e+00	3.140520e+00	4.718732e-04	-5.025037e-07
1.053369085740167e-02	4.361790e+00	1.958496e+00	2.756949e-04	-4.965304e-07
1.055369085740166e-02	3.367232e+00	7.946375e-01	8.251877e-05	-4.909276e-07
1.057369085740166e-02	2.384080e+00	-3.519798e-01	-1.078412e-04	-4.856911e-07
1.059369085740166e-02	1.411709e+00	-1.482231e+00	-2.954996e-04	-4.808354e-07
1.061619085740166e-02	3.276882e-01	-2.738694e+00	-5.035761e-04	-4.759023e-07
1.062119085740166e-02	8.926359e-02	-3.014140e+00	-5.494673e-04	-4.757520e-07
1.063119085740166e-02	-3.854772e-01	-3.561793e+00	-6.409818e-04	-4.755843e-07
1.065119085740166e-02	-1.328851e+00	-4.647665e+00	-8.216624e-04	-4.727370e-07
1.069119085740166e-02	-3.192388e+00	-6.783467e+00	-1.176466e-03	-4.652088e-07
1.075119085740166e-02	-5.930447e+00	-9.897789e+00	-1.693918e-03	-4.551382e-07
1.083119085740165e-02	-9.490421e+00	-1.390637e+01	-2.360151e-03	-4.439265e-07
1.091369085740165e-02	-1.307356e+01	-1.789794e+01	-3.023470e-03	-4.352805e-07
1.091994085740165e-02	-1.334168e+01	-1.819491e+01	-3.073572e-03	-4.413788e-07
1.092744085740165e-02	-1.366257e+01	-1.855001e+01	-3.134999e-03	-4.645513e-07
1.095289158212103e-02	-1.474685e+01	-1.974746e+01	-3.344098e-03	-5.598997e-07
1.103289158212103e-02	-1.811773e+01	-2.344883e+01	-3.992478e-03	-8.802374e-07
1.109289158212102e-02	-2.061184e+01	-2.616694e+01	-4.469196e-03	-1.122067e-06
1.115289158212102e-02	-2.308067e+01	-2.884137e+01	-4.938552e-03	-1.362889e-06
1.119289158212102e-02	-2.471393e+01	-3.060234e+01	-5.247722e-03	-1.522721e-06
1.123289158212102e-02	-2.633793e+01	-3.234706e+01	-5.554129e-03	-1.681949e-06
1.125289158212102e-02	-2.714664e+01	-3.321365e+01	-5.706345e-03	-1.761334e-06
1.127289158212102e-02	-2.795325e+01	-3.407653e+01	-5.857937e-03	-1.840567e-06
1.129289158212102e-02	-2.875782e+01	-3.493583e+01	-6.008908e-03	-1.919648e-06
1.133289158212101e-02	-3.036103e+01	-3.664400e+01	-6.309081e-03	-2.077353e-06
1.137539158212101e-02	-3.205656e+01	-3.844510e+01	-6.625532e-03	-2.246372e-06
1.138039158212101e-02	-3.225516e+01	-3.865568e+01	-6.663783e-03	-2.291191e-06
1.138373895114092e-02	-3.238738e+01	-3.879596e+01	-6.694342e-03	-2.384093e-06
1.138663328251346e-02	-3.250000e+01	-3.891570e+01	-6.734076e-03	-2.616716e-06
1.138925929454444e-02	-3.259885e+01	-3.902135e+01	-6.796941e-03	-3.126782e-06
1.139218166470744e-02	-3.270253e+01	-3.913333e+01	-6.920798e-03	-4.262718e-06
1.139521952597505e-02	-3.280017e+01	-3.924077e+01	-7.135685e-03	-6.357639e-06
1.139899630034609e-02	-3.290921e+01	-3.936398e+01	-7.556322e-03	-1.002382e-05
1.139919715308866e-02	-3.291422e+01	-3.936981e+01	-7.583770e-03	-1.029175e-05
1.139922488135713e-02	-3.291316e+01	-3.936892e+01	-7.589512e-03	-1.050223e-05
1.139928033789408e-02	-3.290562e+01	-3.936215e+01	-7.693809e-03	-1.143170e-05
1.139928321333723e-02	-3.290474e+01	-3.936134e+01	-7.705488e-03	-1.152709e-05
1.139928896422352e-02	-3.290154e+01	-3.935833e+01	-7.733062e-03	-1.185862e-05
1.139930046599610e-02	-3.288809e+01	-3.934553e+01	-7.822847e-03	-1.321465e-05
1.139932346954127e-02	-3.282580e+01	-3.928625e+01	-8.299030e-03	-1.936397e-05
1.139934331494790e-02	-3.270426e+01	-3.917094e+01	-9.373746e-03	-3.121700e-05
1.139935951880066e-02	-3.253118e+01	-3.900769e+01	-1.122999e-02	-4.794692e-05
1.139936204315167e-02	-3.249094e+01	-3.896974e+01	-1.165482e-02	-5.183145e-05
1.139936709185369e-02	-3.238156e+01	-3.886593e+01	-1.260001e-02	-6.244745e-05
1.139937718925773e-02	-3.208858e+01	-3.858810e+01	-1.517961e-02	-9.084561e-05
1.139938814442724e-02	-3.161868e+01	-3.814278e+01	-1.934749e-02	-1.363405e-04
1.139940172563433e-02	-3.071881e+01	-3.729077e+01	-2.735904e-02	-2.233533e-04
1.139941650474532e-02	-2.922661e+01	-3.588089e+01	-4.101135e-02	-3.673057e-04
1.139943203510377e-02	-2.696426e+01	-3.374981e+01	-6.227778e-02	-5.848670e-04
1.139944903201351e-02	-2.381231e+01	-3.079730e+01	-9.316937e-02	-8.862723e-04
1.139946905244286e-02	-1.973228e+01	-2.700553e+01	-1.320411e-01	-1.273346e-03
1.139947197764735e-02	-1.916489e+01	-2.648248e+01	-1.371903e-01	-1.326740e-03
1.139947782805633e-02	-1.820086e+01	-2.560250e+01	-1.467156e-01	-1.416581e-03
1.139948952887428e-02	-1.659551e+01	-2.415297e+01	-1.608581e-01	-1.564590e-03
1.139949207260303e-02	-1.632518e+01	-2.391324e+01	-1.629490e-01	-1.589070e-03
1.139949716006053e-02	-1.593860e+01	-2.358257e+01	-1.666082e-01	-1.622848e-03
1.139950733497553e-02	-1.537681e+01	-2.311806e+01	-1.713827e-01	-1.670321e-03
1.139951768452629e-02	-1.501358e+01	-2.282106e+01	-1.741030e-01	-1.700706e-03
1.139953134580283e-02	-1.474129e+01	-2.257656e+01	-1.764788e-01	-1.725816e-03
1.139955776410039e-02	-1.446950e+01	-2.231339e+01	-1.790678e-01	-1.752838e-03
1.139960795418536e-02	-1.429158e+01	-2.214268e+01	-1.808956e-01	-1.770537e-03
1.139977153902090e-02	-1.418710e+01	-2.204395e+01	-1.818781e-01	-1.781724e-03
1.149304336067644e-02	-1.418609e+01	-2.317245e+01	-2.339209e-01	-2.301005e-03
1.159304336067644e-02	-1.420023e+01	-2.440908e+01	-2.895483e-01	-2.855297e-03
1.171304336067644e-02	-1.421402e+01	-2.590188e+01	-3.560096e-01	-3.517519e-03
1.185304336067643e-02	-1.422726e+01	-2.764858e+01	-4.328688e-01	-4.283313e-03
1.201304336067642e-02	-1.423989e+01	-2.964025e+01	-5.194528e-01	-5.145966e-03
1.217304336067642e-02	-1.425062e+01	-3.161475e+01	-6.043401e-01	-5.991679e-03
1.233304336067641e-02	-1.425995e+01	-3.356053e+01	-6.872079e-01	-6.817244e-03
1.251304336067640e-02	-1.426913e+01	-3.570248e+01	-7.776700e-01	-7.718441e-03
1.269304336067640e-02	-1.427725e+01	-3.778227e+01	-8.648660e-01	-8.587070e-03
1.287304336067639e-02	-1.428445e+01	-3.978857e+01	-9.484795e-01	-9.419998e-03
1.307304336067638e-02	-1.429158e+01	-4.191945e+01	-1.036838e+00	-1.030018e-02
1.327304336067637e-02	-1.429791e+01	-4.393510e+01	-1.120072e+00	-1.112929e-02
1.349304336067636e-02	-1.430408e+01	-4.600643e+01	-1.205330e+00	-1.197855e-02
1.371304336067635e-02	-1.430946e+01	-4.791273e+01	-1.283615e+00	-1.275835e-02
1.395304336067634e-02	-1.431456e+01	-4.979113e+01	-1.360657e+00	-1.352577e-02
1.421304336067633e-02	-1.431926e+01	-5.157514e+01	-1.433827e+00	-1.425461e-02
1.449304336067632e-02	-1.432337e+01	-5.318955e+01	-1.500161e+00	-1.491536e-02
1.481304336067631e-02	-1.432695e+01	-5.462786e+01	-1.559571e+00	-1.550716e-02
1.513304336067630e-02	-1.432940e+01	-5.561732e+01	-1.600980e+00	-1.591967e-02
1.551304336067628e-02	-1.433086e+01	-5.619476e+01	-1.626284e+00	-1.617178e-02
1.589304336067627e-02	-1.433083e+01	-5.611523e+01	-1.625410e+00	-1.616318e-02
1.625304336067625e-02	-1.432938e+01	-5.543433e+01	-1.600491e+00	-1.591508e-02
1.651304336067624e-02	-1.432744e+01	-5.458062e+01	-1.568105e+00	-1.559259e-02
1.667304336067623e-02	-1.432590e+01	-5.390696e+01	-1.542282e+00	-1.533545e-02
1.673304336067623e-02	-1.432527e+01	-5.362562e+01	-1.531457e+00	-1.522765e-02
1.677304336067623e-02	-1.432481e+01	-5.342944e+01	-1.523898e+00	-1.515237e-02
1.691304336067622e-02	-1.432305e+01	-5.268893e+01	-1.495301e+00	-1.486759e-02
1.715304336067621e-02	-1.431954e+01	-5.122806e+01	-1.438672e+00	-1.430365e-02
1.747304336067620e-02	-1.431379e+01	-4.891685e+01	-1.348730e+00	-1.340793e-02
1.785304336067619e-02	-1.430524e+01	-4.566288e+01	-1.221686e+00	-1.214271e-02
1.825304336067617e-02	-1.429388e+01	-4.168830e+01	-1.066139e+00	-1.059362e-02
1.865304336067615e-02	-1.427955e+01	-3.721111e+01	-8.906538e-01	-8.845946e-03
1.905304336067614e-02	-1.426112e+01	-3.230019e+01	-6.980296e-01	-6.927580e-03
1.943304336067612e-02	-1.423754e+01	-2.730022e+01	-5.019774e-01	-4.975082e-03
1.979304336067611e-02	-1.420425e+01	-2.231995e+01	-3.071924e-01	-3.035222e-03
1.999304336067610e-02	-1.417482e+01	-1.946405e+01	-1.962401e-01	-1.930306e-03
2.000000000000000e-02	-1.417348e+01	-1.936355e+01	-1.923561e-01	-1.891636e-03 Step Information: A=500m  (Step: 2/3)
0.000000000000000e+00	-1.550296e-22	-5.703178e-23	1.140634e-24	1.150321e-26
5.919906249035405e-07	7.468054e-06	2.051039e-05	2.585698e-08	2.298360e-10
9.862225730035137e-07	2.061538e-05	5.436823e-05	4.831028e-08	4.007278e-10
1.452971714662167e-06	4.417643e-05	1.139473e-04	7.842404e-08	6.033231e-10
1.877535215232327e-06	7.359919e-05	1.876165e-04	1.091411e-07	7.876106e-10
2.330613394678122e-06	1.143297e-04	2.889609e-04	1.454156e-07	9.843009e-10
2.889804017648257e-06	1.775059e-04	4.454548e-04	1.951473e-07	1.227088e-09
3.587890852380379e-06	2.758749e-04	6.882491e-04	2.649195e-07	1.530226e-09
4.463692052627419e-06	4.297432e-04	1.066864e-03	3.645005e-07	1.910610e-09
5.553626204498872e-06	6.685235e-04	1.652843e-03	5.071138e-07	2.384112e-09
6.916349023042370e-06	1.040759e-03	2.564113e-03	7.144813e-07	2.976303e-09
8.614644239520385e-06	1.619059e-03	3.976606e-03	1.017954e-06	3.714600e-09
1.073806344744975e-05	2.520279e-03	6.172852e-03	1.467384e-06	4.638148e-09
1.338864656019832e-05	3.922188e-03	9.581239e-03	2.136920e-06	5.791654e-09
1.670487088278037e-05	6.107614e-03	1.488100e-02	3.143114e-06	7.235878e-09
2.085177799447063e-05	9.512108e-03	2.311331e-02	4.662617e-06	9.043406e-09
2.604767890270307e-05	1.482513e-02	3.591752e-02	6.971792e-06	1.131025e-08
3.256092624335541e-05	2.311850e-02	5.582448e-02	1.049438e-05	1.415381e-08
4.074303738015501e-05	3.608848e-02	8.680616e-02	1.589228e-05	1.772416e-08
5.103715296146335e-05	5.639651e-02	1.350280e-01	2.418788e-05	2.219676e-08
6.402548073380662e-05	8.827357e-02	2.101635e-01	3.697810e-05	2.776338e-08
8.046137405856612e-05	1.382960e-01	3.270070e-01	5.674307e-05	3.460317e-08
1.004613740585661e-04	2.125832e-01	4.987791e-01	8.595250e-05	4.258169e-08
1.204613740585661e-04	3.013033e-01	7.017062e-01	1.205694e-04	5.022117e-08
1.404613740585661e-04	4.047588e-01	9.357063e-01	1.603312e-04	5.759120e-08
1.604613740585661e-04	5.225657e-01	1.199213e+00	2.049827e-04	6.475343e-08
1.804613740585661e-04	6.543541e-01	1.490739e+00	2.542783e-04	7.173256e-08
2.004613740585661e-04	7.997666e-01	1.808873e+00	3.079837e-04	7.853808e-08
2.204613740585661e-04	9.584583e-01	2.152272e+00	3.658764e-04	8.517575e-08
2.404613740585661e-04	1.130096e+00	2.519663e+00	4.277446e-04	9.165068e-08
2.604613740585661e-04	1.314357e+00	2.909834e+00	4.933876e-04	9.796780e-08
2.804613740585661e-04	1.510931e+00	3.321636e+00	5.626145e-04	1.041319e-07
3.004613740585661e-04	1.719515e+00	3.753976e+00	6.352438e-04	1.101476e-07
3.204613740585661e-04	1.939817e+00	4.205816e+00	7.111033e-04	1.160194e-07
3.404613740585661e-04	2.171556e+00	4.676167e+00	7.900291e-04	1.217516e-07
3.604613740585661e-04	2.414457e+00	5.164093e+00	8.718655e-04	1.273484e-07
3.804613740585661e-04	2.668256e+00	5.668702e+00	9.564646e-04	1.328138e-07
4.004613740585661e-04	2.932693e+00	6.189145e+00	1.043686e-03	1.381516e-07
4.204613740585661e-04	3.207521e+00	6.724616e+00	1.133395e-03	1.433656e-07
4.404613740585661e-04	3.492496e+00	7.274349e+00	1.225465e-03	1.484592e-07
4.604613740585661e-04	3.787383e+00	7.837615e+00	1.319775e-03	1.534358e-07
4.804613740585661e-04	4.091954e+00	8.413719e+00	1.416211e-03	1.582989e-07
5.004613740585660e-04	4.405985e+00	9.002002e+00	1.514661e-03	1.630514e-07
5.204613740585661e-04	4.729262e+00	9.601835e+00	1.615023e-03	1.676963e-07
5.404613740585661e-04	5.061573e+00	1.021262e+01	1.717197e-03	1.722365e-07
5.804613740585662e-04	5.752486e+00	1.146480e+01	1.926607e-03	1.810139e-07
6.204613740585663e-04	6.477149e+00	1.275431e+01	2.142189e-03	1.894042e-07
6.604613740585664e-04	7.234068e+00	1.407731e+01	2.363307e-03	1.974263e-07
7.004613740585666e-04	8.021820e+00	1.543031e+01	2.589382e-03	2.050979e-07
7.404613740585667e-04	8.839048e+00	1.681014e+01	2.819888e-03	2.124351e-07
8.004613740585668e-04	1.011734e+01	1.892395e+01	3.172919e-03	2.228460e-07
8.604613740585670e-04	1.145492e+01	2.108304e+01	3.533416e-03	2.325831e-07
9.204613740585671e-04	1.284790e+01	2.327982e+01	3.900123e-03	2.432755e-07
9.429613740585672e-04	1.338242e+01	2.411116e+01	4.040005e-03	2.551322e-07
9.579613740585672e-04	1.374411e+01	2.466844e+01	4.135714e-03	2.854303e-07
9.967117432850329e-04	1.469165e+01	2.611513e+01	4.385659e-03	3.763043e-07
1.076711743285033e-03	1.670773e+01	2.913084e+01	4.908273e-03	5.808191e-07
1.176711743285033e-03	1.933468e+01	3.294288e+01	5.569975e-03	8.504783e-07
1.296711743285034e-03	2.262579e+01	3.755536e+01	6.371754e-03	1.188215e-06
1.436711743285034e-03	2.662941e+01	4.295634e+01	7.311985e-03	1.597621e-06
1.596711743285034e-03	3.138274e+01	4.911471e+01	8.385758e-03	2.081446e-06
1.619211743285034e-03	3.206350e+01	4.997751e+01	8.536310e-03	2.151713e-06
1.624211743285034e-03	3.221522e+01	5.016895e+01	8.570369e-03	2.185120e-06
1.629638553426426e-03	3.237961e+01	5.037635e+01	8.612568e-03	2.287482e-06
1.633325085795730e-03	3.249050e+01	5.051653e+01	8.654076e-03	2.496307e-06
1.636604568957173e-03	3.258752e+01	5.063985e+01	8.715695e-03	2.958079e-06
1.640069918525264e-03	3.268687e+01	5.076758e+01	8.828592e-03	3.967729e-06
1.643804396335643e-03	3.278829e+01	5.090073e+01	9.037247e-03	5.968234e-06
1.647814754033152e-03	3.289060e+01	5.103894e+01	9.406753e-03	9.089111e-06
1.648838270245659e-03	3.291436e+01	5.107229e+01	9.530851e-03	1.027754e-05
1.648850760040364e-03	3.291447e+01	5.107253e+01	9.533735e-03	1.032691e-05
1.648875739629774e-03	3.291292e+01	5.107138e+01	9.553677e-03	1.075844e-05
1.648913184468037e-03	3.290342e+01	5.106321e+01	9.710226e-03	1.271756e-05
1.648933706182982e-03	3.288716e+01	5.104881e+01	9.992016e-03	1.581831e-05
1.648950155975344e-03	3.285569e+01	5.102067e+01	1.053904e-02	2.169128e-05
1.648963870370209e-03	3.280259e+01	5.097301e+01	1.145224e-02	3.152683e-05
1.648977347507881e-03	3.270586e+01	5.088610e+01	1.309091e-02	4.937476e-05
1.648991082322677e-03	3.253129e+01	5.072932e+01	1.604624e-02	8.148803e-05
1.649005064661067e-03	3.222074e+01	5.045058e+01	2.126515e-02	1.385018e-04
1.649020100615222e-03	3.165618e+01	4.994512e+01	3.095643e-02	2.418093e-04
1.649034330408390e-03	3.078132e+01	4.916358e+01	4.610854e-02	4.014711e-04
1.649049381464732e-03	2.934838e+01	4.788776e+01	7.126100e-02	6.620473e-04
1.649064514685488e-03	2.728498e+01	4.606013e+01	1.082057e-01	1.035271e-03
1.649081161246066e-03	2.440026e+01	4.352755e+01	1.613315e-01	1.552429e-03
1.649099845899246e-03	2.086927e+01	4.046430e+01	2.257692e-01	2.177943e-03
1.649110058654501e-03	1.906481e+01	3.890797e+01	2.570463e-01	2.495837e-03
1.649117133716665e-03	1.805511e+01	3.801546e+01	2.752077e-01	2.678178e-03
1.649127096409183e-03	1.697165e+01	3.701699e+01	2.953758e-01	2.882042e-03
1.649133497016313e-03	1.645130e+01	3.653405e+01	3.048251e-01	2.980610e-03
1.649142761283457e-03	1.594186e+01	3.606408e+01	3.149067e-01	3.076605e-03
1.649161289817744e-03	1.530911e+01	3.547956e+01	3.273104e-01	3.196099e-03
1.649187867579545e-03	1.480800e+01	3.501622e+01	3.361106e-01	3.290930e-03
1.649218157841053e-03	1.453383e+01	3.476283e+01	3.408231e-01	3.342932e-03
1.649261445556001e-03	1.436870e+01	3.461127e+01	3.436832e-01	3.374270e-03
1.649324822306657e-03	1.427824e+01	3.452924e+01	3.451621e-01	3.391598e-03
1.649417406340145e-03	1.423681e+01	3.449384e+01	3.457988e-01	3.399675e-03
1.649846667263773e-03	1.421340e+01	3.448605e+01	3.462256e-01	3.405247e-03
1.704826108465565e-03	1.421451e+01	3.624445e+01	3.604684e-01	3.544981e-03
1.764826108465565e-03	1.421744e+01	3.809527e+01	3.761423e-01	3.698631e-03
1.824826108465565e-03	1.422009e+01	3.987846e+01	3.919350e-01	3.853635e-03
1.884826108465565e-03	1.422287e+01	4.160101e+01	4.078352e-01	4.009763e-03
1.944826108465565e-03	1.422536e+01	4.326888e+01	4.238103e-01	4.166782e-03
2.004826108465565e-03	1.422798e+01	4.488714e+01	4.398481e-01	4.324461e-03
2.064826108465566e-03	1.423034e+01	4.646015e+01	4.559163e-01	4.482569e-03
2.124826108465566e-03	1.423281e+01	4.799157e+01	4.720029e-01	4.640881e-03
2.184826108465566e-03	1.423502e+01	4.948454e+01	4.880766e-01	4.799178e-03
2.244826108465566e-03	1.423736e+01	5.094170e+01	5.041264e-01	4.957246e-03
2.304826108465566e-03	1.423943e+01	5.236527e+01	5.201226e-01	5.114882e-03
2.344826108465566e-03	1.424085e+01	5.329659e+01	5.307516e-01	5.219636e-03
2.384826108465566e-03	1.424223e+01	5.421429e+01	5.413448e-01	5.324054e-03
2.424826108465567e-03	1.424359e+01	5.511879e+01	5.518968e-01	5.428081e-03
2.464826108465567e-03	1.424492e+01	5.601046e+01	5.624024e-01	5.531667e-03
2.504826108465567e-03	1.424622e+01	5.688963e+01	5.728566e-01	5.634760e-03
2.544826108465567e-03	1.424750e+01	5.775656e+01	5.832546e-01	5.737310e-03
2.584826108465567e-03	1.424875e+01	5.861152e+01	5.935916e-01	5.839270e-03
2.624826108465567e-03	1.424997e+01	5.945472e+01	6.038630e-01	5.940595e-03
2.644826108465567e-03	1.425067e+01	5.987196e+01	6.089751e-01	5.991005e-03
2.664826108465567e-03	1.425117e+01	6.028633e+01	6.140645e-01	6.041239e-03
2.684826108465567e-03	1.425185e+01	6.069784e+01	6.191400e-01	6.091293e-03
2.704826108465567e-03	1.425234e+01	6.110651e+01	6.241919e-01	6.141161e-03
2.724826108465567e-03	1.425301e+01	6.151236e+01	6.292287e-01	6.190838e-03
2.744826108465567e-03	1.425349e+01	6.191540e+01	6.342409e-01	6.240319e-03
2.764826108465567e-03	1.425415e+01	6.231564e+01	6.392372e-01	6.289599e-03
2.784826108465567e-03	1.425462e+01	6.271310e+01	6.442078e-01	6.338674e-03
2.804826108465568e-03	1.425527e+01	6.310778e+01	6.491615e-01	6.387537e-03
2.824826108465568e-03	1.425572e+01	6.349970e+01	6.540886e-01	6.436186e-03
2.844826108465568e-03	1.425636e+01	6.388886e+01	6.589979e-01	6.484615e-03
2.864826108465568e-03	1.425680e+01	6.427528e+01	6.638797e-01	6.532819e-03
2.884826108465568e-03	1.425742e+01	6.465894e+01	6.687428e-01	6.580795e-03
2.904826108465568e-03	1.425786e+01	6.503987e+01	6.735775e-01	6.628538e-03
2.924826108465568e-03	1.425847e+01	6.541808e+01	6.783927e-01	6.676044e-03
2.944826108465568e-03	1.425889e+01	6.579354e+01	6.831787e-01	6.723309e-03
2.964826108465568e-03	1.425949e+01	6.616628e+01	6.879442e-01	6.770328e-03
2.984826108465568e-03	1.425990e+01	6.653630e+01	6.926799e-01	6.817098e-03
3.024826108465568e-03	1.426089e+01	6.726817e+01	7.020779e-01	6.909873e-03
3.064826108465568e-03	1.426186e+01	6.798914e+01	7.113698e-01	7.001604e-03
3.104826108465568e-03	1.426281e+01	6.869923e+01	7.205523e-01	7.092261e-03
3.164826108465568e-03	1.426428e+01	6.974393e+01	7.341175e-01	7.226171e-03
3.224826108465569e-03	1.426552e+01	7.076400e+01	7.474170e-01	7.357508e-03
3.284826108465569e-03	1.426691e+01	7.175937e+01	7.604508e-01	7.486187e-03
3.364826108465569e-03	1.426856e+01	7.304785e+01	7.773921e-01	7.653480e-03
3.444826108465569e-03	1.427013e+01	7.429181e+01	7.938204e-01	7.815715e-03
3.544826108465569e-03	1.427191e+01	7.578351e+01	8.136059e-01	8.011138e-03
3.644826108465570e-03	1.427375e+01	7.720409e+01	8.325363e-01	8.198083e-03
3.764826108465570e-03	1.427571e+01	7.881361e+01	8.540760e-01	8.410832e-03
3.904826108465570e-03	1.427770e+01	8.055801e+01	8.775283e-01	8.642509e-03
4.044826108465570e-03	1.427968e+01	8.215627e+01	8.991211e-01	8.855786e-03
4.204826108465571e-03	1.428159e+01	8.380061e+01	9.214425e-01	9.076296e-03
4.384826108465571e-03	1.428336e+01	8.541386e+01	9.434651e-01	9.293891e-03
4.604826108465572e-03	1.428530e+01	8.703886e+01	9.658260e-01	9.514807e-03
4.844826108465572e-03	1.428681e+01	8.836881e+01	9.843562e-01	9.697923e-03
5.104826108465573e-03	1.428777e+01	8.928030e+01	9.973884e-01	9.826769e-03
5.384826108465574e-03	1.428823e+01	8.964003e+01	1.003125e+00	9.883544e-03
5.664826108465575e-03	1.428800e+01	8.935241e+01	1.000201e+00	9.854774e-03
5.884826108465575e-03	1.428742e+01	8.867363e+01	9.918367e-01	9.772232e-03
5.984826108465575e-03	1.428688e+01	8.823425e+01	9.862764e-01	9.717373e-03
6.404826108465577e-03	1.428409e+01	8.550848e+01	9.511126e-01	9.370198e-03
6.824826108465578e-03	1.427944e+01	8.139945e+01	8.973494e-01	8.839345e-03
7.244826108465579e-03	1.427315e+01	7.597842e+01	8.259308e-01	8.134054e-03
7.644826108465580e-03	1.426515e+01	6.968147e+01	7.426311e-01	7.311412e-03
8.044826108465571e-03	1.425489e+01	6.237843e+01	6.457656e-01	6.354768e-03
8.444826108465555e-03	1.424173e+01	5.418369e+01	5.368781e-01	5.279368e-03
8.844826108465539e-03	1.422440e+01	4.522506e+01	4.177169e-01	4.102488e-03
9.224826108465523e-03	1.420139e+01	3.613227e+01	2.967713e-01	2.908012e-03
9.564826108465509e-03	1.417002e+01	2.761559e+01	1.837675e-01	1.791954e-03
9.704826108465504e-03	1.415032e+01	2.402119e+01	1.363672e-01	1.323914e-03
9.784826108465500e-03	1.413551e+01	2.194318e+01	1.092196e-01	1.055902e-03
9.824826108465499e-03	1.412641e+01	2.089489e+01	9.569950e-02	9.225210e-04
9.844826108465498e-03	1.412134e+01	2.036689e+01	8.899000e-02	8.563685e-04
9.864826108465497e-03	1.411493e+01	1.983434e+01	8.233001e-02	7.909184e-04
9.884826108465496e-03	1.410814e+01	1.929383e+01	7.582053e-02	7.268264e-04
9.904826108465496e-03	1.410128e+01	1.874130e+01	6.953762e-02	6.650662e-04
9.924826108465495e-03	1.409802e+01	1.817680e+01	6.356638e-02	6.056760e-04
1.002482610846549e-02	1.405426e+01	1.531044e+01	3.415141e-02	3.162154e-04
1.004482610846549e-02	1.404043e+01	1.473423e+01	2.831544e-02	2.586613e-04
1.006482610846549e-02	1.402147e+01	1.415552e+01	2.247800e-02	2.015405e-04
1.008482610846549e-02	1.399673e+01	1.357210e+01	1.675883e-02	1.453131e-04
1.010482610846549e-02	1.395649e+01	1.297787e+01	1.115879e-02	9.123947e-05
1.012486517096549e-02	1.389707e+01	1.236927e+01	6.026603e-03	3.972823e-05
1.012509954596549e-02	1.389663e+01	1.236249e+01	5.965874e-03	3.905689e-05
1.012879147562094e-02	1.387709e+01	1.224369e+01	5.123368e-03	3.092512e-05
1.013292230845475e-02	1.385156e+01	1.210814e+01	4.252274e-03	2.236702e-05
1.013436169164692e-02	1.384090e+01	1.205952e+01	3.972142e-03	1.966879e-05
1.013600670100939e-02	1.382731e+01	1.200283e+01	3.669199e-03	1.681628e-05
1.013937742145940e-02	1.379661e+01	1.188472e+01	3.115654e-03	1.136976e-05
1.014037028049823e-02	1.378614e+01	1.184882e+01	2.972039e-03	9.993855e-06
1.014046977470070e-02	1.378524e+01	1.184536e+01	2.958075e-03	9.826946e-06
1.014057052233965e-02	1.378560e+01	1.184301e+01	2.930710e-03	9.423129e-06
1.014061679591752e-02	1.378931e+01	1.184513e+01	2.869437e-03	8.584621e-06
1.014068979470019e-02	1.380337e+01	1.185526e+01	2.572250e-03	5.876187e-06
1.014075662803771e-02	1.381972e+01	1.186686e+01	2.258693e-03	2.923926e-06
1.014077035906623e-02	1.382254e+01	1.186868e+01	2.217135e-03	2.430409e-06
1.014079782112329e-02	1.382636e+01	1.187066e+01	2.146037e-03	1.786989e-06
1.014085274523740e-02	1.383143e+01	1.187248e+01	2.058443e-03	9.330951e-07
1.014091100016922e-02	1.383423e+01	1.187245e+01	2.013436e-03	4.282675e-07
1.014097746446093e-02	1.383541e+01	1.187100e+01	1.988421e-03	1.402064e-07
1.014101788253723e-02	1.383551e+01	1.186974e+01	1.980040e-03	4.355453e-08
1.014105724220913e-02	1.383532e+01	1.186832e+01	1.974370e-03	-1.261646e-08
1.014110088164377e-02	1.383491e+01	1.186666e+01	1.969977e-03	-5.500062e-08
1.014114281099047e-02	1.383440e+01	1.186499e+01	1.967035e-03	-8.297386e-08
1.014118056629408e-02	1.383386e+01	1.186345e+01	1.965123e-03	-1.001615e-07
1.014122158052942e-02	1.383321e+01	1.186175e+01	1.963595e-03	-1.128510e-07
1.014126704633827e-02	1.383244e+01	1.185985e+01	1.962357e-03	-1.222799e-07
1.014131886775834e-02	1.383152e+01	1.185765e+01	1.961314e-03	-1.292544e-07
1.014144272364129e-02	1.382923e+01	1.185237e+01	1.959643e-03	-1.374569e-07
1.014172589675779e-02	1.382384e+01	1.184023e+01	1.957204e-03	-1.419093e-07
1.016002442891193e-02	1.346902e+01	1.105510e+01	1.823259e-03	-1.735276e-07
1.017150483825571e-02	1.324289e+01	1.056339e+01	1.739807e-03	-1.858209e-07
1.019150483825571e-02	1.284401e+01	9.707939e+00	1.596737e-03	-1.950496e-07
1.025150483825571e-02	1.160929e+01	7.150389e+00	1.169916e-03	-2.057733e-07
1.029150483825570e-02	1.075359e+01	5.452222e+00	8.865265e-04	-2.122794e-07
1.031150483825570e-02	1.031624e+01	4.604938e+00	7.451301e-04	-2.154678e-07
1.033150483825570e-02	9.872690e+00	3.758753e+00	6.039359e-04	-2.186133e-07
1.037150483825570e-02	8.967325e+00	2.069414e+00	3.220488e-04	-2.247770e-07
1.043150483825570e-02	7.564981e+00	-4.578678e-01	-9.963886e-05	-2.337099e-07
1.049150483825570e-02	6.111631e+00	-2.978174e+00	-5.201166e-04	-2.422792e-07
1.057150483825569e-02	4.098622e+00	-6.329266e+00	-1.079161e-03	-2.531760e-07
1.063150483825569e-02	2.535517e+00	-8.836335e+00	-1.497376e-03	-2.610039e-07
1.067150483825569e-02	1.469332e+00	-1.050492e+01	-1.775705e-03	-2.661105e-07
1.071150483825569e-02	3.846520e-01	-1.217130e+01	-2.053669e-03	-2.721401e-07
1.073150483825569e-02	-1.644044e-01	-1.300366e+01	-2.192875e-03	-2.766032e-07
1.075150483825569e-02	-7.178437e-01	-1.383547e+01	-2.331658e-03	-2.801539e-07
1.079150483825568e-02	-1.837531e+00	-1.549742e+01	-2.608847e-03	-2.849461e-07
1.085150483825568e-02	-3.547835e+00	-1.798602e+01	-3.023847e-03	-2.915074e-07
1.093150483825568e-02	-5.882319e+00	-2.129553e+01	-3.575685e-03	-2.995129e-07
1.099150483825568e-02	-7.670997e+00	-2.377062e+01	-3.988352e-03	-3.050355e-07
1.105150483825567e-02	-9.489787e+00	-2.623909e+01	-4.399861e-03	-3.101769e-07
1.109150483825567e-02	-1.071804e+01	-2.788074e+01	-4.673522e-03	-3.134017e-07
1.111150483825567e-02	-1.133666e+01	-2.870030e+01	-4.810142e-03	-3.149550e-07
1.113150483825567e-02	-1.195819e+01	-2.951898e+01	-4.946597e-03	-3.164695e-07
1.115150483825567e-02	-1.258254e+01	-3.033675e+01	-5.082913e-03	-3.182825e-07
1.117150483825567e-02	-1.320905e+01	-3.115378e+01	-5.219189e-03	-3.220204e-07
1.117900483825567e-02	-1.344486e+01	-3.145979e+01	-5.271474e-03	-3.349687e-07
1.120067943877833e-02	-1.412852e+01	-3.234316e+01	-5.424442e-03	-3.933895e-07
1.126067943877833e-02	-1.603582e+01	-3.478235e+01	-5.849101e-03	-5.780652e-07
1.134067943877833e-02	-1.861127e+01	-3.801934e+01	-6.413765e-03	-8.349921e-07
1.144067943877832e-02	-2.187722e+01	-4.203814e+01	-7.115686e-03	-1.162895e-06
1.158067943877832e-02	-2.652198e+01	-4.760621e+01	-8.089460e-03	-1.629712e-06
1.174317943877831e-02	-3.199329e+01	-5.397104e+01	-9.204052e-03	-2.179212e-06
1.174817943877831e-02	-3.216264e+01	-5.416494e+01	-9.238242e-03	-2.208119e-06
1.175384190342970e-02	-3.235413e+01	-5.438414e+01	-9.281289e-03	-2.297883e-06
1.175728324105487e-02	-3.246979e+01	-5.451670e+01	-9.318510e-03	-2.472638e-06
1.176023337749305e-02	-3.256749e+01	-5.462912e+01	-9.371824e-03	-2.862357e-06
1.176326997504541e-02	-3.266523e+01	-5.474253e+01	-9.467822e-03	-3.722800e-06
1.176667486643415e-02	-3.276959e+01	-5.486554e+01	-9.656277e-03	-5.530168e-06
1.177017665017885e-02	-3.287095e+01	-5.498774e+01	-9.981283e-03	-8.259496e-06
1.177134676030437e-02	-3.290188e+01	-5.502619e+01	-1.012733e-02	-9.657288e-06
1.177182960556176e-02	-3.291425e+01	-5.504174e+01	-1.019367e-02	-1.029820e-05
1.177185390112633e-02	-3.291395e+01	-5.504165e+01	-1.019977e-02	-1.050771e-05
1.177190249225545e-02	-3.290822e+01	-5.503690e+01	-1.030361e-02	-1.186062e-05
1.177192483806478e-02	-3.289756e+01	-5.502750e+01	-1.048543e-02	-1.395755e-05
1.177194370441390e-02	-3.287338e+01	-5.500590e+01	-1.090520e-02	-1.851619e-05
1.177195799686079e-02	-3.283394e+01	-5.497052e+01	-1.159088e-02	-2.585170e-05
1.177197147022150e-02	-3.276247e+01	-5.490628e+01	-1.280632e-02	-3.907240e-05
1.177198507909166e-02	-3.263239e+01	-5.478937e+01	-1.500756e-02	-6.304738e-05
1.177199896069514e-02	-3.239552e+01	-5.457648e+01	-1.894395e-02	-1.066172e-04
1.177201446901582e-02	-3.193980e+01	-5.416811e+01	-2.674178e-02	-1.901091e-04
1.177202857197613e-02	-3.124341e+01	-5.354525e+01	-3.873977e-02	-3.173775e-04
1.177204369840472e-02	-3.005292e+01	-5.248355e+01	-5.951677e-02	-5.342412e-04
1.177205841836069e-02	-2.832626e+01	-5.095009e+01	-9.014077e-02	-8.474108e-04
1.177207455868533e-02	-2.576574e+01	-4.869158e+01	-1.365888e-01	-1.308611e-03
1.177209191478581e-02	-2.256285e+01	-4.589911e+01	-1.963205e-01	-1.878871e-03
1.177210900404355e-02	-1.943094e+01	-4.319500e+01	-2.518522e-01	-2.431140e-03
1.177211711805173e-02	-1.819761e+01	-4.211235e+01	-2.735001e-01	-2.652216e-03
1.177212736290382e-02	-1.705090e+01	-4.106046e+01	-2.948481e-01	-2.866974e-03
1.177213543140451e-02	-1.639302e+01	-4.044856e+01	-3.067769e-01	-2.991938e-03
1.177214427769602e-02	-1.590060e+01	-3.999466e+01	-3.160820e-01	-3.084673e-03
1.177215940195982e-02	-1.535945e+01	-3.949404e+01	-3.265275e-01	-3.187004e-03
1.177217986490498e-02	-1.493045e+01	-3.909805e+01	-3.345196e-01	-3.268032e-03
1.177221289992791e-02	-1.458089e+01	-3.877490e+01	-3.408263e-01	-3.334305e-03
1.177225152466098e-02	-1.439643e+01	-3.860517e+01	-3.438816e-01	-3.369311e-03
1.177231117677497e-02	-1.429158e+01	-3.850942e+01	-3.456546e-01	-3.389410e-03
1.177239344737050e-02	-1.424321e+01	-3.846712e+01	-3.463953e-01	-3.398808e-03
1.177253334378277e-02	-1.422221e+01	-3.845157e+01	-3.467565e-01	-3.403282e-03
1.177306912189393e-02	-1.421262e+01	-3.845862e+01	-3.470304e-01	-3.406875e-03
1.182227002826249e-02	-1.421476e+01	-3.990792e+01	-3.627690e-01	-3.561804e-03
1.188227002826248e-02	-1.421836e+01	-4.162379e+01	-3.817245e-01	-3.748466e-03
1.192227002826248e-02	-1.422053e+01	-4.273723e+01	-3.942190e-01	-3.871580e-03
1.196227002826248e-02	-1.422262e+01	-4.382812e+01	-4.066080e-01	-3.993678e-03
1.200227002826248e-02	-1.422463e+01	-4.489787e+01	-4.188948e-01	-4.114787e-03
1.204227002826248e-02	-1.422658e+01	-4.594771e+01	-4.310817e-01	-4.234930e-03
1.208227002826247e-02	-1.422847e+01	-4.697876e+01	-4.431707e-01	-4.354125e-03
1.212227002826247e-02	-1.423030e+01	-4.799203e+01	-4.551632e-01	-4.472383e-03
1.216227002826247e-02	-1.423207e+01	-4.898841e+01	-4.670601e-01	-4.589714e-03
1.220227002826247e-02	-1.423378e+01	-4.996869e+01	-4.788619e-01	-4.706119e-03
1.224227002826247e-02	-1.423545e+01	-5.093360e+01	-4.905688e-01	-4.821601e-03
1.226227002826247e-02	-1.423613e+01	-5.141049e+01	-4.963813e-01	-4.878995e-03
1.228227002826247e-02	-1.423707e+01	-5.188377e+01	-5.021806e-01	-4.936157e-03
1.230227002826247e-02	-1.423774e+01	-5.235349e+01	-5.079456e-01	-4.993086e-03
1.232227002826247e-02	-1.423865e+01	-5.281974e+01	-5.136970e-01	-5.049781e-03
1.234227002826246e-02	-1.423929e+01	-5.328257e+01	-5.194141e-01	-5.106242e-03
1.236227002826246e-02	-1.424019e+01	-5.374204e+01	-5.251173e-01	-5.162467e-03
1.238227002826246e-02	-1.424081e+01	-5.419819e+01	-5.307862e-01	-5.218456e-03
1.240227002826246e-02	-1.424168e+01	-5.465108e+01	-5.364407e-01	-5.274206e-03
1.242227002826246e-02	-1.424229e+01	-5.510077e+01	-5.420609e-01	-5.329717e-03
1.244227002826246e-02	-1.424313e+01	-5.554727e+01	-5.476661e-01	-5.384986e-03
1.246227002826246e-02	-1.424373e+01	-5.599065e+01	-5.532370e-01	-5.440014e-03
1.248227002826246e-02	-1.424455e+01	-5.643095e+01	-5.587925e-01	-5.494797e-03
1.250227002826246e-02	-1.424513e+01	-5.686818e+01	-5.643135e-01	-5.549334e-03
1.252227002826246e-02	-1.424593e+01	-5.730239e+01	-5.698186e-01	-5.603624e-03
1.254227002826246e-02	-1.424649e+01	-5.773361e+01	-5.752888e-01	-5.657664e-03
1.256227002826246e-02	-1.424728e+01	-5.816187e+01	-5.807428e-01	-5.711453e-03
1.258227002826245e-02	-1.424782e+01	-5.858720e+01	-5.861617e-01	-5.764988e-03
1.260227002826245e-02	-1.424859e+01	-5.900961e+01	-5.915638e-01	-5.818269e-03
1.262227002826245e-02	-1.424912e+01	-5.942914e+01	-5.969307e-01	-5.871292e-03
1.266227002826245e-02	-1.425039e+01	-6.025962e+01	-6.075940e-01	-5.976559e-03
1.270227002826245e-02	-1.425163e+01	-6.107877e+01	-6.181501e-01	-6.080772e-03
1.274227002826245e-02	-1.425283e+01	-6.188675e+01	-6.285974e-01	-6.183915e-03
1.280227002826245e-02	-1.425469e+01	-6.307793e+01	-6.440644e-01	-6.336584e-03
1.286227002826244e-02	-1.425628e+01	-6.424444e+01	-6.592684e-01	-6.486746e-03
1.292227002826244e-02	-1.425802e+01	-6.538644e+01	-6.742200e-01	-6.634342e-03
1.300227002826244e-02	-1.426010e+01	-6.687116e+01	-6.937340e-01	-6.827041e-03
1.308227002826243e-02	-1.426209e+01	-6.831261e+01	-7.127601e-01	-7.014931e-03
1.318227002826243e-02	-1.426436e+01	-7.005345e+01	-7.358314e-01	-7.242818e-03
1.328227002826243e-02	-1.426667e+01	-7.172618e+01	-7.580993e-01	-7.462710e-03
1.340227002826242e-02	-1.426916e+01	-7.364267e+01	-7.837101e-01	-7.715666e-03
1.354227002826242e-02	-1.427176e+01	-7.575171e+01	-8.120072e-01	-7.995204e-03
1.370227002826241e-02	-1.427454e+01	-7.799168e+01	-8.421918e-01	-8.293366e-03
1.388227002826240e-02	-1.427741e+01	-8.028970e+01	-8.732964e-01	-8.600601e-03
1.408227002826239e-02	-1.428011e+01	-8.256067e+01	-9.041753e-01	-8.905657e-03
1.432227002826238e-02	-1.428281e+01	-8.488319e+01	-9.359366e-01	-9.219453e-03
1.460227002826237e-02	-1.428526e+01	-8.702298e+01	-9.654471e-01	-9.511039e-03
1.490227002826236e-02	-1.428701e+01	-8.861826e+01	-9.877833e-01	-9.731809e-03
1.516227002826235e-02	-1.428800e+01	-8.940710e+01	-9.992206e-01	-9.844857e-03
1.550227002826234e-02	-1.428822e+01	-8.959833e+01	-1.002926e+00	-9.881627e-03
1.582227002826232e-02	-1.428757e+01	-8.890709e+01	-9.947395e-01	-9.800902e-03
1.596227002826232e-02	-1.428707e+01	-8.834052e+01	-9.876167e-01	-9.730576e-03
1.638227002826230e-02	-1.428420e+01	-8.569057e+01	-9.534729e-01	-9.393527e-03
1.680227002826228e-02	-1.427982e+01	-8.165421e+01	-9.006953e-01	-8.872360e-03
1.722227002826227e-02	-1.427346e+01	-7.630145e+01	-8.301921e-01	-8.176164e-03
1.762227002826225e-02	-1.426556e+01	-7.006433e+01	-7.476993e-01	-7.361494e-03
1.802227002826223e-02	-1.425544e+01	-6.281511e+01	-6.515598e-01	-6.412023e-03
1.842227002826222e-02	-1.424246e+01	-5.466737e+01	-5.433052e-01	-5.342881e-03
1.882227002826220e-02	-1.422540e+01	-4.574822e+01	-4.246728e-01	-4.171230e-03
1.920227002826218e-02	-1.420317e+01	-3.668558e+01	-3.041324e-01	-2.980661e-03
1.954227002826217e-02	-1.417242e+01	-2.819011e+01	-1.913603e-01	-1.867038e-03
1.970227002826216e-02	-1.415045e+01	-2.408729e+01	-1.372250e-01	-1.332516e-03
1.978227002826216e-02	-1.413554e+01	-2.200997e+01	-1.100704e-01	-1.064538e-03
1.982227002826216e-02	-1.412616e+01	-2.096213e+01	-9.653928e-02	-9.310557e-04
1.984227002826216e-02	-1.412328e+01	-2.043454e+01	-8.987518e-02	-8.647258e-04
1.986227002826216e-02	-1.411400e+01	-1.990251e+01	-8.313999e-02	-7.991935e-04
1.988227002826216e-02	-1.411202e+01	-1.936361e+01	-7.670238e-02	-7.348703e-04
1.990227002826216e-02	-1.409742e+01	-1.881268e+01	-7.022887e-02	-6.728209e-04
1.992227002826216e-02	-1.410431e+01	-1.824912e+01	-6.444436e-02	-6.132476e-04
1.994227002826215e-02	-1.408651e+01	-1.767893e+01	-5.828895e-02	-5.549408e-04
1.996227002826215e-02	-1.409239e+01	-1.710597e+01	-5.268022e-02	-4.970837e-04
1.998227002826215e-02	-1.407115e+01	-1.653255e+01	-4.653457e-02	-4.392181e-04
2.000000000000000e-02	-1.406871e+01	-1.601751e+01	-4.158402e-02	-3.892375e-04 Step Information: A=999m  (Step: 3/3)
0.000000000000000e+00	-1.604570e-22	-4.307828e-23	8.615638e-25	8.688811e-27
5.919908392512151e-07	1.887555e-08	2.165005e-05	3.143572e-09	5.718282e-13
9.880071039348935e-07	5.507795e-08	5.651788e-05	8.709632e-09	1.126602e-12
1.452728160999253e-06	1.266391e-07	1.168588e-04	1.877688e-08	1.936808e-12
1.878694389270167e-06	2.280578e-07	1.917043e-04	3.135447e-08	2.839501e-12
2.330388343057356e-06	3.868426e-07	2.939288e-04	4.818786e-08	3.984070e-12
2.908477370501215e-06	6.785858e-07	4.576756e-04	7.497482e-08	5.718836e-12
3.616727349305265e-06	1.193873e-06	7.074076e-04	1.158051e-07	8.247163e-12
4.518604660052585e-06	2.149532e-06	1.103380e-03	1.805441e-07	1.210677e-11
5.627755094979198e-06	3.879078e-06	1.709828e-03	2.796944e-07	1.783500e-11
7.027230687558524e-06	7.116701e-06	2.662650e-03	4.354500e-07	2.660576e-11
8.759252978399734e-06	1.310719e-05	4.130580e-03	6.753985e-07	3.983793e-11
1.093673819964910e-05	2.443614e-05	6.427170e-03	1.050772e-06	6.019386e-11
1.364365198983141e-05	4.574182e-05	9.978534e-03	1.631244e-06	9.125368e-11
1.704155888676860e-05	8.638282e-05	1.552123e-02	2.537203e-06	1.392280e-10
2.128044010923216e-05	1.637336e-04	2.411288e-02	3.941617e-06	2.130118e-10
2.660240897527829e-05	3.123580e-04	3.750623e-02	6.131103e-06	3.273889e-10
3.326477219993033e-05	5.978616e-04	5.830406e-02	9.531525e-06	5.043620e-10
4.164531193940280e-05	1.150076e-03	9.071723e-02	1.483195e-05	7.796969e-10
5.218224465387250e-05	2.219489e-03	1.411337e-01	2.307841e-05	1.208000e-09
6.548998021516205e-05	4.302462e-03	2.197588e-01	3.594271e-05	1.877229e-09
8.232784741974615e-05	8.329187e-03	3.418147e-01	5.600206e-05	2.919896e-09
1.023278474197461e-04	1.538066e-02	5.165668e-01	8.508872e-05	4.419624e-09
1.223278474197461e-04	2.533244e-02	7.224969e-01	1.196223e-04	6.194886e-09
1.423278474197461e-04	3.874090e-02	9.593485e-01	1.593282e-04	8.242020e-09
1.623278474197461e-04	5.603885e-02	1.225563e+00	2.039451e-04	1.053898e-08
1.823278474197461e-04	7.762741e-02	1.519661e+00	2.532236e-04	1.305458e-08
2.023278474197461e-04	1.038778e-01	1.840237e+00	3.069256e-04	1.574870e-08
2.223278474197461e-04	1.351330e-01	2.185956e+00	3.648244e-04	1.857902e-08
2.423278474197461e-04	1.717092e-01	2.555548e+00	4.267056e-04	2.151119e-08
2.623278474197462e-04	2.138976e-01	2.947811e+00	4.923665e-04	2.452717e-08
2.823278474197462e-04	2.619653e-01	3.361598e+00	5.616171e-04	2.762592e-08
3.023278474197462e-04	3.161571e-01	3.795824e+00	6.342774e-04	3.081358e-08
3.223278474197462e-04	3.766966e-01	4.249453e+00	7.101757e-04	3.409408e-08
3.423278474197462e-04	4.437874e-01	4.721504e+00	7.891485e-04	3.746666e-08
3.623278474197462e-04	5.176143e-01	5.211042e+00	8.710399e-04	4.092658e-08
3.823278474197462e-04	5.983441e-01	5.717182e+00	9.557016e-04	4.446696e-08
4.023278474197461e-04	6.861273e-01	6.239078e+00	1.042992e-03	4.808015e-08
4.223278474197461e-04	7.810982e-01	6.775928e+00	1.132778e-03	5.175849e-08
4.423278474197461e-04	8.833763e-01	7.326969e+00	1.224930e-03	5.549461e-08
4.623278474197461e-04	9.930671e-01	7.891475e+00	1.319328e-03	5.928151e-08
4.823278474197461e-04	1.110263e+00	8.468756e+00	1.415856e-03	6.311262e-08
5.023278474197461e-04	1.235044e+00	9.058155e+00	1.514404e-03	6.698173e-08
5.223278474197461e-04	1.367478e+00	9.659047e+00	1.614868e-03	7.088300e-08
5.423278474197461e-04	1.507622e+00	1.027084e+01	1.717148e-03	7.481097e-08
5.823278474197462e-04	1.811219e+00	1.152487e+01	1.926780e-03	8.272671e-08
6.223278474197463e-04	2.146097e+00	1.281604e+01	2.142597e-03	9.069147e-08
6.623278474197465e-04	2.512378e+00	1.414053e+01	2.363959e-03	9.867221e-08
7.023278474197466e-04	2.910066e+00	1.549486e+01	2.590284e-03	1.066400e-07
7.423278474197467e-04	3.339055e+00	1.687587e+01	2.821047e-03	1.145693e-07
8.023278474197468e-04	4.040776e+00	1.899123e+01	3.174472e-03	1.263435e-07
8.623278474197470e-04	4.811459e+00	2.115160e+01	3.535366e-03	1.379187e-07
9.223278474197471e-04	5.649766e+00	2.334945e+01	3.902472e-03	1.492436e-07
1.002327847419747e-03	6.869882e+00	2.632697e+01	4.399730e-03	1.638846e-07
1.082327847419748e-03	8.202920e+00	2.934612e+01	4.903853e-03	1.779344e-07
1.182327847419748e-03	1.002051e+01	3.316150e+01	5.540811e-03	1.945868e-07
1.302327847419748e-03	1.240981e+01	3.777677e+01	6.311140e-03	2.131509e-07
1.342327847419748e-03	1.325250e+01	3.931979e+01	6.568941e-03	2.228553e-07
1.349827847419748e-03	1.341328e+01	3.960925e+01	6.618166e-03	2.326484e-07
1.375531583396283e-03	1.397106e+01	4.060143e+01	6.788249e-03	2.816924e-07
1.435531583396283e-03	1.530610e+01	4.291737e+01	7.187163e-03	4.142396e-07
1.535531583396283e-03	1.763378e+01	4.677177e+01	7.852875e-03	6.535555e-07
1.675531583396283e-03	2.109041e+01	5.214000e+01	8.782399e-03	1.010501e-06
1.855531583396284e-03	2.583001e+01	5.896052e+01	9.966789e-03	1.498065e-06
2.078031583396284e-03	3.206255e+01	6.720893e+01	1.140379e-02	2.135983e-06
2.083031583396284e-03	3.220662e+01	6.739146e+01	1.143620e-02	2.167877e-06
2.089070034772268e-03	3.238071e+01	6.761176e+01	1.148088e-02	2.276632e-06
2.092936213151958e-03	3.249209e+01	6.775270e+01	1.152302e-02	2.489163e-06
2.096272501569123e-03	3.258795e+01	6.787424e+01	1.158436e-02	2.947955e-06
2.099633631871318e-03	3.268395e+01	6.799660e+01	1.169222e-02	3.930959e-06
2.103366337434007e-03	3.278934e+01	6.813234e+01	1.190600e-02	6.014925e-06
2.106945184936641e-03	3.288845e+01	6.826237e+01	1.226811e-02	9.025568e-06
2.107886184485215e-03	3.291398e+01	6.829652e+01	1.240063e-02	1.029403e-05
2.107901225154747e-03	3.291438e+01	6.829707e+01	1.240290e-02	1.035301e-05
2.107931306493809e-03	3.291504e+01	6.829815e+01	1.242949e-02	1.084599e-05
2.107961580217838e-03	3.291516e+01	6.829923e+01	1.256208e-02	1.239556e-05
2.107980633262755e-03	3.291437e+01	6.829990e+01	1.280441e-02	1.515569e-05
2.107998081080966e-03	3.291199e+01	6.830049e+01	1.334205e-02	2.110638e-05
2.108012475917435e-03	3.290739e+01	6.830093e+01	1.429575e-02	3.135702e-05
2.108025985476565e-03	3.289874e+01	6.830128e+01	1.600853e-02	4.979038e-05
2.108039402256598e-03	3.288277e+01	6.830150e+01	1.906969e-02	8.273783e-05
2.108052890379134e-03	3.285389e+01	6.830151e+01	2.445182e-02	1.413433e-04
2.108067396612559e-03	3.279888e+01	6.830116e+01	3.460857e-02	2.498039e-04
2.108080911419245e-03	3.271032e+01	6.830027e+01	5.079266e-02	4.217094e-04
2.108094913035932e-03	3.255622e+01	6.829840e+01	7.873046e-02	7.159362e-04
2.108108374715666e-03	3.231489e+01	6.829522e+01	1.221570e-01	1.170414e-03
2.108122152196374e-03	3.192653e+01	6.828987e+01	1.918363e-01	1.893310e-03
2.108135559076570e-03	3.136184e+01	6.828185e+01	2.944898e-01	2.943121e-03
2.108146575638755e-03	3.077087e+01	6.827238e+01	4.194256e-01	4.162047e-03
2.108152447128842e-03	3.044452e+01	6.826560e+01	5.107722e-01	5.023503e-03
2.108159780012186e-03	3.001745e+01	6.825554e+01	6.376784e-01	6.294590e-03
2.108166204431527e-03	2.959329e+01	6.824559e+01	7.601916e-01	7.542355e-03
2.108173382404868e-03	2.904686e+01	6.823251e+01	9.193891e-01	9.172466e-03
2.108186419461553e-03	2.787721e+01	6.820431e+01	1.259587e+00	1.265723e-02
2.108201757551351e-03	2.629767e+01	6.816634e+01	1.735047e+00	1.731068e-02
2.108214342500227e-03	2.487309e+01	6.813225e+01	2.162625e+00	2.151762e-02
2.108229003070253e-03	2.317846e+01	6.808533e+01	2.666012e+00	2.654969e-02
2.108232950895174e-03	2.273720e+01	6.806154e+01	2.797448e+00	2.785886e-02
2.108238214661735e-03	2.216769e+01	6.801568e+01	2.968666e+00	2.953995e-02
2.108248742194856e-03	2.111595e+01	6.787124e+01	3.290491e+00	3.261824e-02
2.108269797261100e-03	1.933116e+01	6.738225e+01	3.834993e+00	3.784380e-02
2.108291319757912e-03	1.792567e+01	6.650137e+01	4.250244e+00	4.201115e-02
2.108310503371053e-03	1.701448e+01	6.510381e+01	4.519573e+00	4.470027e-02
2.108328186108242e-03	1.640723e+01	6.284103e+01	4.706758e+00	4.644439e-02
2.108347133809545e-03	1.592895e+01	5.890458e+01	4.864585e+00	4.775640e-02
2.108361487308126e-03	1.565084e+01	5.453182e+01	4.967093e+00	4.845992e-02
2.108370901330314e-03	1.550443e+01	5.068002e+01	5.030110e+00	4.878215e-02
2.108381740949192e-03	1.536461e+01	4.524680e+01	5.100287e+00	4.903693e-02
2.108409382872937e-03	1.509637e+01	2.970599e+01	5.264408e+00	4.936786e-02
2.108428803520039e-03	1.496418e+01	2.046594e+01	5.353803e+00	4.947641e-02
2.108449240845681e-03	1.486187e+01	1.394110e+01	5.417459e+00	4.957389e-02
2.108476667068601e-03	1.476452e+01	9.109119e+00	5.465847e+00	4.970513e-02
2.108492674735520e-03	1.472139e+01	7.644401e+00	5.482500e+00	4.977740e-02
2.108507123027139e-03	1.468921e+01	6.979953e+00	5.493223e+00	4.983436e-02
2.108522649338850e-03	1.466030e+01	6.571459e+00	5.501592e+00	4.988597e-02
2.108540603342610e-03	1.463266e+01	6.319076e+00	5.508381e+00	4.993392e-02
2.108563174848566e-03	1.460436e+01	6.165795e+00	5.513971e+00	4.997997e-02
2.108581368176962e-03	1.458579e+01	6.111157e+00	5.516847e+00	5.000615e-02
2.108663411198657e-03	1.453291e+01	6.066630e+00	5.520010e+00	5.003551e-02
2.114603067602297e-03	1.444791e+01	5.237973e+00	4.691792e+00	4.186448e-02
2.118705601271985e-03	1.443245e+01	4.739887e+00	4.190761e+00	3.692457e-02
2.121848595583827e-03	1.442327e+01	4.399966e+00	3.846867e+00	3.354843e-02
2.126757352580613e-03	1.439351e+01	3.915854e+00	3.372309e+00	2.873421e-02
2.131268724892292e-03	1.437603e+01	3.537171e+00	2.994316e+00	2.495857e-02
2.134728931336973e-03	1.436392e+01	3.282475e+00	2.737540e+00	2.239327e-02
2.135164371127977e-03	1.436238e+01	3.271335e+00	2.707052e+00	2.208933e-02
2.135362244324738e-03	1.436163e+01	3.300889e+00	2.693164e+00	2.195318e-02
2.135530390147181e-03	1.436095e+01	3.411456e+00	2.681045e+00	2.184062e-02
2.135697783445573e-03	1.436013e+01	3.722112e+00	2.668113e+00	2.173455e-02
2.135882135052791e-03	1.435950e+01	4.434056e+00	2.651662e+00	2.162825e-02
2.135999784257495e-03	1.435905e+01	5.291831e+00	2.639077e+00	2.157160e-02
2.136144343676173e-03	1.435794e+01	7.133404e+00	2.620003e+00	2.152363e-02
2.136306767689054e-03	1.435562e+01	1.077358e+01	2.591313e+00	2.151272e-02
2.136565711765233e-03	1.435644e+01	1.965314e+01	2.524566e+00	2.157997e-02
2.136753804016790e-03	1.436042e+01	2.777768e+01	2.463831e+00	2.167628e-02
2.136945765403674e-03	1.436310e+01	3.635219e+01	2.402095e+00	2.178572e-02
2.137144818125959e-03	1.436437e+01	4.388739e+01	2.347320e+00	2.186677e-02
2.137355504108564e-03	1.436417e+01	4.980827e+01	2.302380e+00	2.190132e-02
2.137565331068342e-03	1.436346e+01	5.379777e+01	2.268738e+00	2.188781e-02
2.137800323530176e-03	1.436188e+01	5.679245e+01	2.240051e+00	2.183574e-02
2.137911527901189e-03	1.436131e+01	5.777586e+01	2.228720e+00	2.180033e-02
2.138068004599470e-03	1.436103e+01	5.876068e+01	2.214467e+00	2.174073e-02
2.138227372157031e-03	1.436066e+01	5.951598e+01	2.201461e+00	2.167409e-02
2.138418426589177e-03	1.436020e+01	6.017352e+01	2.187295e+00	2.158844e-02
2.138623648976947e-03	1.435967e+01	6.067942e+01	2.173295e+00	2.149197e-02
2.138851800481605e-03	1.435909e+01	6.107157e+01	2.158749e+00	2.138121e-02
2.139109885289640e-03	1.435842e+01	6.137493e+01	2.143186e+00	2.125335e-02
2.139386918520125e-03	1.435770e+01	6.159053e+01	2.127211e+00	2.111450e-02
2.139714810871193e-03	1.435686e+01	6.175174e+01	2.108980e+00	2.094932e-02
2.140059085776801e-03	1.435597e+01	6.185064e+01	2.090425e+00	2.077592e-02
2.140470825051623e-03	1.435492e+01	6.190942e+01	2.068793e+00	2.056941e-02
2.140907485357267e-03	1.435382e+01	6.192831e+01	2.046391e+00	2.035215e-02
2.141449324844651e-03	1.435247e+01	6.191468e+01	2.019188e+00	2.008554e-02
2.142027193825994e-03	1.435105e+01	6.187445e+01	1.990812e+00	1.980539e-02
2.142785699196556e-03	1.434922e+01	6.180062e+01	1.954415e+00	1.944436e-02
2.143590573343603e-03	1.434724e+01	6.171078e+01	1.916764e+00	1.906924e-02
2.145280525852115e-03	1.434316e+01	6.151126e+01	1.840676e+00	1.830956e-02
2.149484984079597e-03	1.433344e+01	6.104377e+01	1.667278e+00	1.657594e-02
2.153699489657619e-03	1.432434e+01	6.064414e+01	1.513915e+00	1.504249e-02
2.157908536933976e-03	1.431583e+01	6.030809e+01	1.378779e+00	1.369125e-02
2.162119849398008e-03	1.430786e+01	6.002755e+01	1.259483e+00	1.249837e-02
2.166330188120327e-03	1.430040e+01	5.979619e+01	1.154259e+00	1.144618e-02
2.170540942202052e-03	1.429341e+01	5.960815e+01	1.061420e+00	1.051780e-02
2.174751518635732e-03	1.428688e+01	5.945834e+01	9.795236e-01	9.698817e-03
2.178962170966380e-03	1.428078e+01	5.934225e+01	9.072796e-01	8.976336e-03
2.183172790856443e-03	1.427509e+01	5.925589e+01	8.435558e-01	8.339036e-03
2.187734314630913e-03	1.426943e+01	5.919204e+01	7.829772e-01	7.733777e-03
2.192279469196181e-03	1.426439e+01	5.915561e+01	7.302793e-01	7.208699e-03
2.194498752481422e-03	1.426216e+01	5.914669e+01	7.070300e-01	6.977816e-03
2.197402383895957e-03	1.425950e+01	5.914314e+01	6.788431e-01	6.699026e-03
2.201400656523157e-03	1.425638e+01	5.915220e+01	6.438105e-01	6.355355e-03
2.207506218022927e-03	1.425302e+01	5.919420e+01	5.977327e-01	5.911838e-03
2.218264590499038e-03	1.425003e+01	5.933301e+01	5.342597e-01	5.318670e-03
2.238264590499038e-03	1.424150e+01	5.971375e+01	4.585154e-01	4.576399e-03
2.258264590499038e-03	1.423044e+01	6.019509e+01	4.186175e-01	4.136542e-03
2.278264590499038e-03	1.422430e+01	6.074483e+01	3.985414e-01	3.912676e-03
2.298264590499039e-03	1.422112e+01	6.132817e+01	3.894739e-01	3.808780e-03
2.318264590499039e-03	1.421969e+01	6.192590e+01	3.865721e-01	3.771913e-03
2.338264590499039e-03	1.421927e+01	6.252744e+01	3.871219e-01	3.772562e-03
2.358264590499039e-03	1.421940e+01	6.312701e+01	3.895951e-01	3.794126e-03
2.378264590499039e-03	1.421984e+01	6.372152e+01	3.931266e-01	3.827228e-03
2.398264590499039e-03	1.422045e+01	6.430942e+01	3.972263e-01	3.866560e-03
2.418264590499039e-03	1.422114e+01	6.488998e+01	4.016173e-01	3.909119e-03
2.438264590499039e-03	1.422187e+01	6.546295e+01	4.061433e-01	3.953214e-03
2.458264590499039e-03	1.422261e+01	6.602834e+01	4.107170e-01	3.997897e-03
2.498264590499039e-03	1.422410e+01	6.713706e+01	4.198365e-01	4.087160e-03
2.698264590499040e-03	1.423075e+01	7.229861e+01	4.626874e-01	4.507140e-03
2.858264590499040e-03	1.423525e+01	7.605726e+01	4.938205e-01	4.812283e-03
3.098264590499041e-03	1.424102e+01	8.120286e+01	5.363737e-01	5.229331e-03
3.478264590499042e-03	1.424836e+01	8.828817e+01	5.949888e-01	5.803783e-03
3.878264590499043e-03	1.425422e+01	9.438486e+01	6.455919e-01	6.299743e-03
4.298264590499043e-03	1.425865e+01	9.923625e+01	6.861357e-01	6.697167e-03
4.718264590499044e-03	1.426150e+01	1.024317e+02	7.132286e-01	6.962818e-03
5.138264590499046e-03	1.426285e+01	1.039193e+02	7.264337e-01	7.092412e-03
5.558264590499047e-03	1.426276e+01	1.036739e+02	7.255304e-01	7.083787e-03
5.978264590499048e-03	1.426123e+01	1.016999e+02	7.105384e-01	6.937130e-03
6.398264590499049e-03	1.425819e+01	9.803159e+01	6.817215e-01	6.655025e-03
6.818264590499050e-03	1.425356e+01	9.273268e+01	6.395847e-01	6.242415e-03
7.238264590499051e-03	1.424716e+01	8.589507e+01	5.848668e-01	5.706537e-03
7.638264590499052e-03	1.423914e+01	7.806076e+01	5.219347e-01	5.090164e-03
8.038264590499044e-03	1.422880e+01	6.906132e+01	4.494685e-01	4.380374e-03
8.438264590499027e-03	1.421536e+01	5.903797e+01	3.686388e-01	3.588643e-03
8.818264590499012e-03	1.419832e+01	4.870986e+01	2.853224e-01	2.772548e-03
9.118264590499000e-03	1.418003e+01	4.009735e+01	2.159458e-01	2.093019e-03
9.298264590498992e-03	1.416561e+01	3.476863e+01	1.731842e-01	1.674216e-03
9.398264590498988e-03	1.415585e+01	3.176287e+01	1.491971e-01	1.439323e-03
9.478264590498985e-03	1.414678e+01	2.933674e+01	1.299787e-01	1.251166e-03
9.538264590498982e-03	1.413905e+01	2.750498e+01	1.156252e-01	1.110692e-03
9.578264590498981e-03	1.413335e+01	2.627795e+01	1.061438e-01	1.017954e-03
9.598264590498980e-03	1.413032e+01	2.566259e+01	1.014523e-01	9.720956e-04
9.618264590498979e-03	1.412716e+01	2.504595e+01	9.681129e-02	9.267635e-04
9.638264590498978e-03	1.412387e+01	2.442792e+01	9.224146e-02	8.821751e-04
9.658264590498978e-03	1.412046e+01	2.380836e+01	8.777333e-02	8.386504e-04
9.678264590498977e-03	1.411696e+01	2.318708e+01	8.345162e-02	7.966478e-04
9.698264590498976e-03	1.411340e+01	2.256377e+01	7.933817e-02	7.567647e-04
9.718264590498975e-03	1.410989e+01	2.193805e+01	7.550421e-02	7.195972e-04
9.738264590498974e-03	1.410657e+01	2.130945e+01	7.199138e-02	6.853628e-04
9.758264590498974e-03	1.410345e+01	2.067758e+01	6.874443e-02	6.534887e-04
9.798264590498972e-03	1.409709e+01	1.940355e+01	6.240661e-02	5.915047e-04
9.818264590498971e-03	1.409343e+01	1.876179e+01	5.906356e-02	5.590674e-04
9.838264590498970e-03	1.408929e+01	1.811737e+01	5.555034e-02	5.250237e-04
9.858264590498969e-03	1.408462e+01	1.747071e+01	5.187626e-02	4.894071e-04
9.898264590498968e-03	1.407338e+01	1.617210e+01	4.413444e-02	4.142603e-04
9.958264590498965e-03	1.404995e+01	1.421481e+01	3.190310e-02	2.953779e-04
1.001826459049896e-02	1.401239e+01	1.224932e+01	1.958006e-02	1.757356e-04
1.003826459049896e-02	1.399401e+01	1.159224e+01	1.563976e-02	1.376380e-04
1.005826459049896e-02	1.397060e+01	1.093382e+01	1.190670e-02	1.017626e-04
1.007826459049896e-02	1.393968e+01	1.027355e+01	8.526828e-03	6.947023e-05
1.009826459049896e-02	1.389816e+01	9.610675e+00	5.665229e-03	4.248596e-05
1.011842412487393e-02	1.384364e+01	8.940021e+00	3.521342e-03	2.033169e-05
1.012038400166197e-02	1.383727e+01	8.874491e+00	3.357912e-03	1.881748e-05
1.012247453690255e-02	1.383026e+01	8.804523e+00	3.192353e-03	1.731139e-05
1.012704758274130e-02	1.381438e+01	8.651343e+00	2.861246e-03	1.421098e-05
1.013115955258406e-02	1.379928e+01	8.513334e+00	2.598791e-03	1.181564e-05
1.013482481481020e-02	1.378520e+01	8.390113e+00	2.391476e-03	9.940062e-06
1.013488941909103e-02	1.378497e+01	8.387939e+00	2.385275e-03	9.846198e-06
1.013492951299388e-02	1.378496e+01	8.386594e+00	2.367735e-03	9.421317e-06
1.013498699202726e-02	1.378578e+01	8.384675e+00	2.199545e-03	7.476016e-06
1.013504313460712e-02	1.378805e+01	8.382812e+00	1.813803e-03	4.520971e-06
1.013510178799829e-02	1.379099e+01	8.380862e+00	1.549685e-03	1.840560e-06
1.013513292952760e-02	1.379224e+01	8.379823e+00	1.500563e-03	1.094116e-06
1.013518086935409e-02	1.379363e+01	8.378217e+00	1.445628e-03	5.973063e-07
1.013522521296573e-02	1.379446e+01	8.376731e+00	1.429725e-03	3.471779e-07
1.013526873259635e-02	1.379496e+01	8.375271e+00	1.412986e-03	2.158156e-07
1.013530939264496e-02	1.379523e+01	8.373907e+00	1.409247e-03	1.416216e-07
1.013535495348771e-02	1.379538e+01	8.372378e+00	1.401539e-03	9.081805e-08
1.013539786949249e-02	1.379541e+01	8.370937e+00	1.400275e-03	5.930397e-08
1.013544357109066e-02	1.379537e+01	8.369404e+00	1.396519e-03	3.845969e-08
1.013548908144643e-02	1.379528e+01	8.367876e+00	1.396108e-03	2.474336e-08
1.013553135546504e-02	1.379516e+01	8.366458e+00	1.394262e-03	1.700841e-08
1.013557798231059e-02	1.379500e+01	8.364892e+00	1.394148e-03	1.154217e-08
1.013569055742187e-02	1.379456e+01	8.361114e+00	1.392864e-03	5.799604e-09
1.013592777237687e-02	1.379352e+01	8.353149e+00	1.390962e-03	2.834563e-09
1.020130018632688e-02	1.344744e+01	6.116704e+00	1.014670e-03	-4.033320e-08
1.022130018632688e-02	1.332212e+01	5.418187e+00	8.970615e-04	-5.269893e-08
1.024130018632688e-02	1.318742e+01	4.713267e+00	7.786514e-04	-6.246471e-08
1.026130018632688e-02	1.304340e+01	4.002252e+00	6.596966e-04	-6.897896e-08
1.028130018632688e-02	1.289011e+01	3.285438e+00	5.398741e-04	-7.384177e-08
1.032130018632688e-02	1.255597e+01	1.835531e+00	2.975232e-04	-8.303204e-08
1.036130018632688e-02	1.218550e+01	3.656619e-01	5.186361e-05	-9.209102e-08
1.038130018632688e-02	1.198683e+01	-3.761457e-01	-7.210856e-05	-9.656861e-08
1.042130018632687e-02	1.156295e+01	-1.872374e+00	-3.221332e-04	-1.054139e-07
1.044130018632687e-02	1.133791e+01	-2.626369e+00	-4.481146e-04	-1.097795e-07
1.046130018632687e-02	1.110423e+01	-3.384015e+00	-5.747074e-04	-1.141058e-07
1.050130018632687e-02	1.061133e+01	-4.909507e+00	-8.295703e-04	-1.226371e-07
1.058130018632687e-02	9.525700e+00	-7.996393e+00	-1.345220e-03	-1.391965e-07
1.066130018632686e-02	8.311757e+00	-1.112279e+01	-1.867375e-03	-1.550597e-07
1.074130018632686e-02	6.975428e+00	-1.427992e+01	-2.394573e-03	-1.702112e-07
1.082130018632686e-02	5.522785e+00	-1.746018e+01	-2.925548e-03	-1.846515e-07
1.088130018632685e-02	4.360661e+00	-1.985654e+01	-3.325589e-03	-1.950257e-07
1.094130018632685e-02	3.139152e+00	-2.225968e+01	-3.726726e-03	-2.050296e-07
1.098130018632685e-02	2.293098e+00	-2.386440e+01	-3.994567e-03	-2.115122e-07
1.102130018632685e-02	1.422559e+00	-2.547047e+01	-4.262621e-03	-2.178733e-07
1.104130018632685e-02	9.783443e-01	-2.627383e+01	-4.396695e-03	-2.210248e-07
1.106130018632685e-02	5.282920e-01	-2.707731e+01	-4.530795e-03	-2.243978e-07
1.108130018632685e-02	7.249670e-02	-2.788083e+01	-4.664987e-03	-2.287437e-07
1.110130018632685e-02	-3.889470e-01	-2.868434e+01	-4.799390e-03	-2.335823e-07
1.112130018632685e-02	-8.559523e-01	-2.948776e+01	-4.933462e-03	-2.373681e-07
1.116130018632684e-02	-1.806270e+00	-3.109407e+01	-5.201499e-03	-2.431739e-07
1.122130018632684e-02	-3.271139e+00	-3.350130e+01	-5.603134e-03	-2.513758e-07
1.130130018632684e-02	-5.294046e+00	-3.670425e+01	-6.137452e-03	-2.615391e-07
1.140130018632683e-02	-7.926819e+00	-4.069220e+01	-6.802614e-03	-2.731383e-07
1.154130018632683e-02	-1.178789e+01	-4.623447e+01	-7.726856e-03	-2.874796e-07
1.158380018632683e-02	-1.299583e+01	-4.790566e+01	-8.005450e-03	-2.914693e-07
1.158880018632683e-02	-1.313918e+01	-4.810180e+01	-8.038179e-03	-2.941495e-07
1.159880018632683e-02	-1.342642e+01	-4.849386e+01	-8.104830e-03	-3.080042e-07
1.160797678861835e-02	-1.369078e+01	-4.885331e+01	-8.166801e-03	-3.278271e-07
1.164038024023038e-02	-1.462979e+01	-5.012013e+01	-8.386491e-03	-4.146019e-07
1.174038024023038e-02	-1.757889e+01	-5.400445e+01	-9.062598e-03	-7.078878e-07
1.194038024023037e-02	-2.368222e+01	-6.164046e+01	-1.039564e-02	-1.324195e-06
1.220288024023036e-02	-3.200717e+01	-7.134100e+01	-1.209465e-02	-2.164148e-06
1.220788024023036e-02	-3.216835e+01	-7.152171e+01	-1.212658e-02	-2.192977e-06
1.221379244717862e-02	-3.235895e+01	-7.173524e+01	-1.216901e-02	-2.287433e-06
1.221734667254526e-02	-3.247342e+01	-7.186350e+01	-1.220617e-02	-2.468264e-06
1.222034080359033e-02	-3.256959e+01	-7.197147e+01	-1.225927e-02	-2.861799e-06
1.222331582045242e-02	-3.266462e+01	-7.207865e+01	-1.235245e-02	-3.717805e-06
1.222673058498848e-02	-3.277251e+01	-7.220157e+01	-1.254700e-02	-5.620375e-06
1.222992176128612e-02	-3.287155e+01	-7.231633e+01	-1.287256e-02	-8.320135e-06
1.223088357378225e-02	-3.290082e+01	-7.235088e+01	-1.301098e-02	-9.648276e-06
1.223132910390458e-02	-3.291427e+01	-7.236687e+01	-1.308304e-02	-1.035415e-05
1.223134269496030e-02	-3.291466e+01	-7.236736e+01	-1.308947e-02	-1.044051e-05
1.223135764294242e-02	-3.291499e+01	-7.236789e+01	-1.311161e-02	-1.078595e-05
1.223138753890666e-02	-3.291512e+01	-7.236895e+01	-1.325229e-02	-1.261871e-05
1.223140875360256e-02	-3.291415e+01	-7.236968e+01	-1.355266e-02	-1.596775e-05
1.223142479597384e-02	-3.291174e+01	-7.237021e+01	-1.410664e-02	-2.192243e-05
1.223143851884846e-02	-3.290707e+01	-7.237062e+01	-1.507913e-02	-3.238969e-05
1.223145183083050e-02	-3.289816e+01	-7.237094e+01	-1.684304e-02	-5.144185e-05
1.223146525076360e-02	-3.288157e+01	-7.237115e+01	-2.002443e-02	-8.572323e-05
1.223147876723922e-02	-3.285156e+01	-7.237115e+01	-2.562149e-02	-1.465992e-04
1.223149321267125e-02	-3.279484e+01	-7.237077e+01	-3.609504e-02	-2.584095e-04
1.223150674253372e-02	-3.270319e+01	-7.236982e+01	-5.284127e-02	-4.361969e-04
1.223152071288674e-02	-3.254454e+01	-7.236787e+01	-8.159649e-02	-7.389300e-04
1.223153418929400e-02	-3.229574e+01	-7.236458e+01	-1.263599e-01	-1.207146e-03
1.223154794956455e-02	-3.189730e+01	-7.235907e+01	-1.978643e-01	-1.948556e-03
1.223156135343307e-02	-3.132194e+01	-7.235092e+01	-3.030661e-01	-3.013204e-03
1.223157126514055e-02	-3.078599e+01	-7.234233e+01	-4.165038e-01	-4.117546e-03
1.223157690529898e-02	-3.047233e+01	-7.233584e+01	-5.036561e-01	-4.943743e-03
1.223158397548678e-02	-3.006473e+01	-7.232625e+01	-6.247868e-01	-6.155687e-03
1.223159022505277e-02	-2.965907e+01	-7.231673e+01	-7.419776e-01	-7.349757e-03
1.223159716489327e-02	-2.913969e+01	-7.230429e+01	-8.928164e-01	-8.899997e-03
1.223161051966082e-02	-2.795657e+01	-7.227575e+01	-1.236149e+00	-1.242856e-02
1.223162639359432e-02	-2.633150e+01	-7.223670e+01	-1.725367e+00	-1.721504e-02
1.223163963359626e-02	-2.483397e+01	-7.220039e+01	-2.175160e+00	-2.163637e-02
1.223165223740763e-02	-2.337451e+01	-7.216118e+01	-2.608697e+00	-2.597065e-02
1.223165705004187e-02	-2.283352e+01	-7.213154e+01	-2.770024e+00	-2.757448e-02
1.223166346688752e-02	-2.213978e+01	-7.206963e+01	-2.979181e+00	-2.961963e-02
1.223167630057882e-02	-2.088431e+01	-7.185694e+01	-3.366394e+00	-3.327972e-02
1.223170196796142e-02	-1.883774e+01	-7.108216e+01	-3.990963e+00	-3.926805e-02
1.223172561724220e-02	-1.745611e+01	-6.974954e+01	-4.393796e+00	-4.338399e-02
1.223174477285333e-02	-1.667095e+01	-6.776717e+01	-4.627239e+00	-4.568845e-02
1.223176206143233e-02	-1.616288e+01	-6.464755e+01	-4.789805e+00	-4.711333e-02
1.223178043897836e-02	-1.575633e+01	-5.963839e+01	-4.932367e+00	-4.818314e-02
1.223178904744263e-02	-1.560559e+01	-5.634995e+01	-4.993262e+00	-4.853677e-02
1.223180072464300e-02	-1.543743e+01	-5.067968e+01	-5.072850e+00	-4.886984e-02
1.223181017143266e-02	-1.532182e+01	-4.535603e+01	-5.135392e+00	-4.905763e-02
1.223182206858342e-02	-1.520058e+01	-3.808825e+01	-5.211066e+00	-4.920125e-02
1.223183982082285e-02	-1.505396e+01	-2.779900e+01	-5.311645e+00	-4.932401e-02
1.223185986255119e-02	-1.492860e+01	-1.867670e+01	-5.397491e+00	-4.941770e-02
1.223188195399709e-02	-1.482950e+01	-1.255108e+01	-5.457300e+00	-4.951550e-02
1.223191258593724e-02	-1.473331e+01	-8.205071e+00	-5.501217e+00	-4.965549e-02
1.223192509951061e-02	-1.470308e+01	-7.308226e+00	-5.511919e+00	-4.970792e-02
1.223193932714121e-02	-1.467429e+01	-6.813396e+00	-5.521018e+00	-4.975849e-02
1.223195761041417e-02	-1.464353e+01	-6.451827e+00	-5.529287e+00	-4.981247e-02
1.223197741658249e-02	-1.461614e+01	-6.247868e+00	-5.535268e+00	-4.985902e-02
1.223199352764734e-02	-1.459772e+01	-6.169627e+00	-5.538573e+00	-4.988735e-02
1.223203636200773e-02	-1.456111e+01	-6.105734e+00	-5.543103e+00	-4.992871e-02
1.223271156120162e-02	-1.447282e+01	-6.010385e+00	-5.464719e+00	-4.915590e-02
1.223703621751280e-02	-1.445184e+01	-5.395633e+00	-4.847768e+00	-4.306704e-02
1.224061492151161e-02	-1.443738e+01	-4.944793e+00	-4.394913e+00	-3.859560e-02
1.224326342952810e-02	-1.442851e+01	-4.642464e+00	-4.089995e+00	-3.559345e-02
1.224650115596050e-02	-1.442034e+01	-4.306534e+00	-3.749040e+00	-3.225332e-02
1.225255182023553e-02	-1.438437e+01	-3.741923e+00	-3.196087e+00	-2.663042e-02
1.225692634049633e-02	-1.436826e+01	-3.400553e+00	-2.855110e+00	-2.322049e-02
1.225808604207421e-02	-1.436389e+01	-3.318931e+00	-2.772130e+00	-2.238699e-02
1.225852895068908e-02	-1.436233e+01	-3.306627e+00	-2.741155e+00	-2.207790e-02
1.225874708951987e-02	-1.436151e+01	-3.337507e+00	-2.725874e+00	-2.192785e-02
1.225891334434253e-02	-1.436084e+01	-3.445390e+00	-2.713906e+00	-2.181659e-02
1.225907611432817e-02	-1.436004e+01	-3.747060e+00	-2.701351e+00	-2.171353e-02
1.225925844829156e-02	-1.435936e+01	-4.457539e+00	-2.685113e+00	-2.160865e-02
1.225938172112880e-02	-1.435891e+01	-5.364764e+00	-2.671881e+00	-2.154958e-02
1.225952270482409e-02	-1.435786e+01	-7.184057e+00	-2.653134e+00	-2.150348e-02
1.225968308390020e-02	-1.435566e+01	-1.080323e+01	-2.624581e+00	-2.149339e-02
1.225992140132655e-02	-1.435618e+01	-1.909653e+01	-2.562744e+00	-2.155838e-02
1.226009770897899e-02	-1.435969e+01	-2.706891e+01	-2.504104e+00	-2.165796e-02
1.226029011828983e-02	-1.436277e+01	-3.643924e+01	-2.437613e+00	-2.178807e-02
1.226048488898013e-02	-1.436465e+01	-4.480171e+01	-2.378019e+00	-2.189365e-02
1.226069688430672e-02	-1.436522e+01	-5.169377e+01	-2.327005e+00	-2.195367e-02
1.226093463949378e-02	-1.436507e+01	-5.681919e+01	-2.285047e+00	-2.195553e-02
1.226124079863649e-02	-1.436251e+01	-6.102658e+01	-2.246752e+00	-2.189781e-02
1.226136060115595e-02	-1.436164e+01	-6.210231e+01	-2.234810e+00	-2.186104e-02
1.226153054309337e-02	-1.436129e+01	-6.313316e+01	-2.219754e+00	-2.179674e-02
1.226167517009116e-02	-1.436089e+01	-6.379979e+01	-2.208233e+00	-2.173699e-02
1.226184055290962e-02	-1.436049e+01	-6.436997e+01	-2.196111e+00	-2.166419e-02
1.226200043285729e-02	-1.436009e+01	-6.478700e+01	-2.185186e+00	-2.159080e-02
1.226218585903814e-02	-1.435964e+01	-6.514877e+01	-2.173233e+00	-2.150312e-02
1.226237781678495e-02	-1.435915e+01	-6.542747e+01	-2.161463e+00	-2.141047e-02
1.226258907990337e-02	-1.435863e+01	-6.565112e+01	-2.149036e+00	-2.130707e-02
1.226282010763610e-02	-1.435804e+01	-6.582636e+01	-2.135918e+00	-2.119304e-02
1.226306960571617e-02	-1.435741e+01	-6.595784e+01	-2.122169e+00	-2.106935e-02
1.226335389076601e-02	-1.435670e+01	-6.605704e+01	-2.106898e+00	-2.092829e-02
1.226365248426387e-02	-1.435595e+01	-6.612010e+01	-2.091238e+00	-2.078044e-02
1.226399920930640e-02	-1.435508e+01	-6.615794e+01	-2.073410e+00	-2.060952e-02
1.226435869685478e-02	-1.435419e+01	-6.617009e+01	-2.055276e+00	-2.043353e-02
1.226480550270181e-02	-1.435309e+01	-6.616019e+01	-2.033142e+00	-2.021678e-02
1.226526285171553e-02	-1.435198e+01	-6.613194e+01	-2.010894e+00	-1.999749e-02
1.226585889624175e-02	-1.435054e+01	-6.607864e+01	-1.982444e+00	-1.971570e-02
1.226646495117303e-02	-1.434912e+01	-6.601394e+01	-1.954096e+00	-1.943423e-02
1.226817400499435e-02	-1.434507e+01	-6.581207e+01	-1.876996e+00	-1.866531e-02
1.227235594049463e-02	-1.433551e+01	-6.532989e+01	-1.704253e+00	-1.693860e-02
1.227657049300347e-02	-1.432652e+01	-6.491097e+01	-1.550579e+00	-1.540208e-02
1.228077919709633e-02	-1.431812e+01	-6.455593e+01	-1.415160e+00	-1.404804e-02
1.228499064782025e-02	-1.431027e+01	-6.425662e+01	-1.295579e+00	-1.285235e-02
1.228920092753577e-02	-1.430293e+01	-6.400679e+01	-1.190089e+00	-1.179752e-02
1.229341170689939e-02	-1.429608e+01	-6.380051e+01	-1.096992e+00	-1.086660e-02
1.229762227254148e-02	-1.428969e+01	-6.363273e+01	-1.014850e+00	-1.004519e-02
1.230183292948657e-02	-1.428372e+01	-6.349891e+01	-9.423705e-01	-9.320383e-03
1.230604354740501e-02	-1.427818e+01	-6.339505e+01	-8.784207e-01	-8.680851e-03
1.231043220732314e-02	-1.427286e+01	-6.331506e+01	-8.197650e-01	-8.094646e-03
1.231447726086177e-02	-1.426844e+01	-6.326414e+01	-7.720789e-01	-7.619221e-03
1.231883175098383e-02	-1.426424e+01	-6.323103e+01	-7.267660e-01	-7.169203e-03
1.232210457473994e-02	-1.426151e+01	-6.321957e+01	-6.963654e-01	-6.869177e-03
1.232664479134418e-02	-1.425846e+01	-6.322105e+01	-6.587947e-01	-6.502495e-03
1.233405501572951e-02	-1.425548e+01	-6.326161e+01	-6.073322e-01	-6.012834e-03
1.234773209528495e-02	-1.425131e+01	-6.342047e+01	-5.372875e-01	-5.349797e-03
1.236773209528494e-02	-1.424198e+01	-6.376998e+01	-4.750001e-01	-4.718959e-03
1.238773209528494e-02	-1.423305e+01	-6.421125e+01	-4.423431e-01	-4.358531e-03
1.240773209528494e-02	-1.422817e+01	-6.471056e+01	-4.260921e-01	-4.176871e-03
1.242773209528494e-02	-1.422569e+01	-6.523898e+01	-4.189774e-01	-4.094688e-03
1.244773209528494e-02	-1.422461e+01	-6.578049e+01	-4.169778e-01	-4.068111e-03
1.246773209528494e-02	-1.422432e+01	-6.632619e+01	-4.178402e-01	-4.072638e-03
1.248773209528494e-02	-1.422448e+01	-6.687124e+01	-4.202956e-01	-4.094492e-03
1.250773209528494e-02	-1.422488e+01	-6.741296e+01	-4.236278e-01	-4.125902e-03
1.252773209528494e-02	-1.422541e+01	-6.795000e+01	-4.274317e-01	-4.162482e-03
1.254773209528494e-02	-1.422601e+01	-6.848167e+01	-4.314791e-01	-4.201756e-03
1.256773209528494e-02	-1.422664e+01	-6.900768e+01	-4.356415e-01	-4.242331e-03
1.258773209528494e-02	-1.422729e+01	-6.952798e+01	-4.398470e-01	-4.283426e-03
1.262773209528493e-02	-1.422857e+01	-7.055166e+01	-4.482457e-01	-4.365639e-03
1.286773209528492e-02	-1.423550e+01	-7.627415e+01	-4.956183e-01	-4.829904e-03
1.310773209528491e-02	-1.424123e+01	-8.139622e+01	-5.379737e-01	-5.245011e-03
1.348773209528490e-02	-1.424852e+01	-8.844904e+01	-5.963216e-01	-5.816847e-03
1.388773209528488e-02	-1.425434e+01	-9.451207e+01	-6.466507e-01	-6.310122e-03
1.430773209528487e-02	-1.425873e+01	-9.932679e+01	-6.868968e-01	-6.704628e-03
1.472773209528485e-02	-1.426154e+01	-1.024842e+02	-7.136806e-01	-6.967250e-03
1.514773209528483e-02	-1.426287e+01	-1.039329e+02	-7.265692e-01	-7.093744e-03
1.554773209528481e-02	-1.426278e+01	-1.037012e+02	-7.257259e-01	-7.085696e-03
1.596773209528480e-02	-1.426128e+01	-1.017703e+02	-7.110850e-01	-6.942480e-03
1.638773209528478e-02	-1.425829e+01	-9.814384e+01	-6.826096e-01	-6.663720e-03
1.680773209528477e-02	-1.425370e+01	-9.288481e+01	-6.407987e-01	-6.254304e-03
1.722773209528475e-02	-1.424734e+01	-8.608445e+01	-5.863855e-01	-5.721411e-03
1.762773209528473e-02	-1.423938e+01	-7.828256e+01	-5.237188e-01	-5.107638e-03
1.802773209528472e-02	-1.422911e+01	-6.931207e+01	-4.514893e-01	-4.400168e-03
1.842773209528470e-02	-1.421577e+01	-5.931373e+01	-3.708635e-01	-3.610434e-03
1.880773209528468e-02	-1.419887e+01	-4.900542e+01	-2.877058e-01	-2.795894e-03
1.912773209528467e-02	-1.417935e+01	-3.981987e+01	-2.137145e-01	-2.071165e-03
1.928773209528466e-02	-1.416655e+01	-3.508341e+01	-1.757035e-01	-1.698888e-03
1.940773209528466e-02	-1.415484e+01	-3.147673e+01	-1.469221e-01	-1.417047e-03
1.948773209528466e-02	-1.414562e+01	-2.904840e+01	-1.277078e-01	-1.228938e-03
1.954773209528465e-02	-1.413774e+01	-2.721498e+01	-1.133722e-01	-1.088650e-03
1.958773209528465e-02	-1.413193e+01	-2.598681e+01	-1.039178e-01	-9.961908e-04
1.960773209528465e-02	-1.412884e+01	-2.537086e+01	-9.924797e-02	-9.505596e-04
1.962773209528465e-02	-1.412562e+01	-2.475357e+01	-9.463761e-02	-9.055469e-04
1.964773209528465e-02	-1.412227e+01	-2.413484e+01	-9.011129e-02	-8.614146e-04
1.966773209528465e-02	-1.411881e+01	-2.351449e+01	-8.570596e-02	-8.185438e-04
1.968773209528465e-02	-1.411527e+01	-2.289230e+01	-8.147402e-02	-7.774642e-04
1.970773209528465e-02	-1.411172e+01	-2.226790e+01	-7.748451e-02	-7.388041e-04
1.972773209528465e-02	-1.410829e+01	-2.164087e+01	-7.380164e-02	-7.030398e-04
1.974773209528465e-02	-1.410507e+01	-2.101077e+01	-7.042947e-02	-6.700484e-04
1.976773209528464e-02	-1.410201e+01	-2.037727e+01	-6.725563e-02	-6.388614e-04
1.980773209528464e-02	-1.409541e+01	-1.910012e+01	-6.084482e-02	-5.763404e-04
1.982773209528464e-02	-1.409154e+01	-1.845704e+01	-5.742168e-02	-5.431558e-04
1.984773209528464e-02	-1.408715e+01	-1.781151e+01	-5.382989e-02	-5.083500e-04
1.988773209528464e-02	-1.407661e+01	-1.651463e+01	-4.621599e-02	-4.344777e-04
1.992773209528464e-02	-1.406307e+01	-1.521198e+01	-3.818815e-02	-3.564768e-04
1.994773209528464e-02	-1.405481e+01	-1.455903e+01	-3.408004e-02	-3.165395e-04
1.998773209528464e-02	-1.403418e+01	-1.325057e+01	-2.580666e-02	-2.360960e-04
2.000000000000000e-02	-1.402652e+01	-1.284869e+01	-2.328645e-02	-2.115067e-04
