time	V(A1,L)	V(D,G)	V(g)	V(l)	d(V(A1,L))	Ix(U1:A)
0.000000000000000e+00	1.126418e-22	4.174269e-22	-2.273397e-23	-2.252387e-26	6.247078e+04	1.875802e-28
1.872457037929313e-06	1.170056e-01	1.123695e-04	1.121121e-06	1.957945e-07	6.250470e+04	1.948475e-07
3.744914075858626e-06	2.340747e-01	4.478616e-04	2.253085e-06	3.916764e-07	6.253862e+04	3.898007e-07
5.617371113787939e-06	3.512074e-01	1.006476e-03	3.395894e-06	5.876456e-07	6.257254e+04	5.848595e-07
7.489828151717252e-06	4.684035e-01	1.788214e-03	4.549548e-06	7.837023e-07	6.260646e+04	7.800241e-07
9.362285189646566e-06	5.856632e-01	2.793074e-03	5.714045e-06	9.798463e-07	6.264038e+04	9.752944e-07
1.123474222757588e-05	7.029864e-01	4.021056e-03	6.889387e-06	1.176078e-06	6.267430e+04	1.170670e-06
1.310719926550519e-05	8.203731e-01	5.472161e-03	8.075573e-06	1.372397e-06	6.280001e+04	1.366152e-06
2.621439853101037e-05	1.643505e+00	2.078750e-02	1.629968e-05	2.748992e-06	6.292338e+04	2.736899e-06
4.621439853101037e-05	2.903590e+00	5.912888e-02	2.899111e-05	4.857272e-06	6.312466e+04	4.835293e-06
6.621439853101037e-05	4.168492e+00	1.156530e-01	4.166112e-05	6.974352e-06	6.337100e+04	6.941710e-06
8.621439853101037e-05	5.438430e+00	1.918647e-01	5.400928e-05	9.099488e-06	6.361617e+04	9.056514e-06
1.062143985310104e-04	6.713138e+00	2.875237e-01	6.600097e-05	1.123220e-05	6.384800e+04	1.117926e-05
1.262143985310104e-04	7.992350e+00	4.023889e-01	7.778729e-05	1.337221e-05	6.406651e+04	1.330951e-05
1.462143985310104e-04	9.275799e+00	5.362191e-01	8.944488e-05	1.551913e-05	6.427170e+04	1.544681e-05
1.662143985310104e-04	1.056322e+01	6.887727e-01	1.009905e-04	1.767255e-05	6.446356e+04	1.759073e-05
1.862143985310104e-04	1.185434e+01	8.598077e-01	1.124244e-04	1.983202e-05	6.464213e+04	1.974081e-05
2.062143985310104e-04	1.314890e+01	1.049082e+00	1.237449e-04	2.199709e-05	6.480740e+04	2.189662e-05
2.262143985310104e-04	1.444664e+01	1.256352e+00	1.349507e-04	2.416733e-05	6.495935e+04	2.405771e-05
2.462143985310104e-04	1.574728e+01	1.481375e+00	1.460403e-04	2.634228e-05	6.509803e+04	2.622364e-05
2.662143985310104e-04	1.705056e+01	1.723907e+00	1.570127e-04	2.852152e-05	6.522349e+04	2.839397e-05
2.862143985310104e-04	1.835622e+01	1.983705e+00	1.678670e-04	3.070458e-05	6.533564e+04	3.056826e-05
3.062143985310103e-04	1.966398e+01	2.260524e+00	1.786020e-04	3.289104e-05	6.543454e+04	3.274606e-05
3.262143985310103e-04	2.097360e+01	2.554120e+00	1.892172e-04	3.508045e-05	6.552027e+04	3.492693e-05
3.462143985310103e-04	2.228479e+01	2.864248e+00	1.997116e-04	3.727238e-05	6.559275e+04	3.711044e-05
3.662143985310103e-04	2.359731e+01	3.190662e+00	2.100846e-04	3.946637e-05	6.567410e+04	3.929615e-05
4.062143985310103e-04	2.622524e+01	3.891368e+00	2.304638e-04	4.385882e-05	6.572481e+04	4.367239e-05
4.462143985310103e-04	2.885529e+01	4.654272e+00	2.503495e-04	4.825430e-05	6.575166e+04	4.805217e-05
4.862143985310103e-04	3.148537e+01	5.477400e+00	2.697372e-04	5.264933e-05	6.570704e+04	5.243199e-05
5.462143985310104e-04	3.542600e+01	6.820693e+00	2.978752e-04	5.923345e-05	6.558040e+04	5.899424e-05
6.062143985310106e-04	3.935502e+01	8.288369e+00	3.248690e-04	6.579713e-05	6.532951e+04	6.553717e-05
6.662143985310108e-04	4.326554e+01	9.873734e+00	3.507053e-04	7.232886e-05	6.500905e+04	7.204928e-05
6.805001128167250e-04	4.419336e+01	1.026804e+01	3.566853e-04	7.387845e-05	6.488602e+04	7.359436e-05
6.947858271024394e-04	4.511942e+01	1.066832e+01	3.625984e-04	7.542505e-05	6.476299e+04	7.513652e-05
7.090715413881537e-04	4.604373e+01	1.107457e+01	3.684446e-04	7.696865e-05	6.463996e+04	7.667575e-05
7.233572556738680e-04	4.696628e+01	1.148680e+01	3.742241e-04	7.850927e-05	6.451693e+04	7.821205e-05
7.376429699595824e-04	4.788707e+01	1.190500e+01	3.799367e-04	8.004689e-05	6.439390e+04	7.974543e-05
7.519286842452967e-04	4.880611e+01	1.232918e+01	3.855824e-04	8.158153e-05	6.427087e+04	8.127588e-05
7.662143985310110e-04	4.972338e+01	1.275934e+01	3.911613e-04	8.311317e-05	6.406621e+04	8.280340e-05
7.862143985310111e-04	5.100471e+01	1.336838e+01	4.079110e-04	8.526014e-05	6.401440e+04	8.493716e-05
7.937143985310111e-04	5.148378e+01	1.360051e+01	4.274768e-04	8.607687e-05	6.367838e+04	8.573495e-05
8.237143985310111e-04	5.339265e+01	1.454603e+01	5.225206e-04	8.934925e-05	6.328335e+04	8.891376e-05
8.837143985310112e-04	5.717928e+01	1.650147e+01	7.322843e-04	9.585862e-05	6.309546e+04	9.521956e-05
9.408572556738685e-04	6.075289e+01	1.845870e+01	9.444080e-04	1.020160e-04	6.198104e+04	1.011706e-04
9.980001128167258e-04	6.426283e+01	2.047431e+01	1.161669e-03	1.080725e-04	6.086661e+04	1.070157e-04
1.055142969959583e-03	6.770908e+01	2.254832e+01	1.384067e-03	1.140282e-04	5.975219e+04	1.127546e-04
1.112285827102441e-03	7.109165e+01	2.468071e+01	1.611603e-03	1.198831e-04	5.863777e+04	1.183876e-04
1.169428684245298e-03	7.441054e+01	2.687150e+01	1.844275e-03	1.256371e-04	5.752334e+04	1.239145e-04
1.226571541388155e-03	7.766574e+01	2.912067e+01	2.082085e-03	1.312904e-04	5.640892e+04	1.293353e-04
1.283714398531012e-03	8.085727e+01	3.142824e+01	2.325033e-03	1.368428e-04	5.478811e+04	1.346501e-04
1.303714398531012e-03	8.195303e+01	3.223929e+01	2.419950e-03	1.387571e-04	5.475488e+04	1.364748e-04
1.306214398531012e-03	8.208925e+01	3.234098e+01	2.460886e-03	1.390253e-04	5.436285e+04	1.367017e-04
1.311214398531012e-03	8.236075e+01	3.254438e+01	2.848427e-03	1.398763e-04	5.427284e+04	1.371538e-04
1.313643183070898e-03	8.249244e+01	3.264271e+01	3.477734e-03	1.407480e-04	5.417515e+04	1.373731e-04
1.316106306782640e-03	8.262577e+01	3.274164e+01	4.784885e-03	1.423059e-04	5.412717e+04	1.375951e-04
1.316735211392125e-03	8.265981e+01	3.276681e+01	5.222510e-03	1.428111e-04	5.410419e+04	1.376518e-04
1.317364116001609e-03	8.269383e+01	3.279183e+01	5.781043e-03	1.434396e-04	5.408122e+04	1.377084e-04
1.317993020611093e-03	8.272783e+01	3.281669e+01	6.460486e-03	1.441916e-04	5.405825e+04	1.377651e-04
1.318621925220578e-03	8.276182e+01	3.284140e+01	7.260836e-03	1.450669e-04	5.403527e+04	1.378217e-04
1.319250829830062e-03	8.279580e+01	3.286596e+01	8.182096e-03	1.460657e-04	5.401230e+04	1.378783e-04
1.319879734439546e-03	8.282976e+01	3.289037e+01	9.224264e-03	1.471878e-04	5.398933e+04	1.379348e-04
1.320508639049030e-03	8.286371e+01	3.291462e+01	1.038734e-02	1.484333e-04	5.400010e+04	1.379913e-04
1.320532654439306e-03	8.286500e+01	3.291544e+01	1.044857e-02	1.485970e-04	5.392666e+04	1.379935e-04
1.320573963669605e-03	8.286723e+01	3.291613e+01	1.087815e-02	1.504747e-04	5.381229e+04	1.379972e-04
1.320597335120105e-03	8.286848e+01	3.291530e+01	1.168884e-02	1.546148e-04	5.366753e+04	1.379993e-04
1.320612991987458e-03	8.286932e+01	3.291305e+01	1.295646e-02	1.616342e-04	5.337397e+04	1.380007e-04
1.320626284233801e-03	8.287003e+01	3.290867e+01	1.508211e-02	1.735115e-04	5.268854e+04	1.380019e-04
1.320639438528838e-03	8.287072e+01	3.290019e+01	1.900677e-02	1.949014e-04	5.145711e+04	1.380030e-04
1.320652846774902e-03	8.287139e+01	3.288430e+01	2.632026e-02	2.333766e-04	4.961375e+04	1.380041e-04
1.320666369693014e-03	8.287205e+01	3.285556e+01	3.954939e-02	3.007008e-04	4.647502e+04	1.380052e-04
1.320680602251265e-03	8.287268e+01	3.280240e+01	6.444187e-02	4.235428e-04	4.122614e+04	1.380063e-04
1.320694127047849e-03	8.287320e+01	3.271575e+01	1.054894e-01	6.212160e-04	3.240475e+04	1.380071e-04
1.320707981131343e-03	8.287357e+01	3.256774e+01	1.766245e-01	9.554045e-04	1.924086e+04	1.380077e-04
1.320721447569044e-03	8.287372e+01	3.233521e+01	2.897721e-01	1.476466e-03	-1.086375e+03	1.380079e-04
1.320735074207409e-03	8.287354e+01	3.196940e+01	4.686620e-01	2.297094e-03	-2.959955e+04	1.380076e-04
1.320748308181993e-03	8.287293e+01	3.145920e+01	7.162393e-01	3.499861e-03	-6.222686e+04	1.380066e-04
1.320754817215409e-03	8.287231e+01	3.117683e+01	8.158205e-01	4.372502e-03	-1.114367e+05	1.380056e-04
1.320760742258933e-03	8.287154e+01	3.094061e+01	8.412045e-01	5.366125e-03	-1.383174e+05	1.380044e-04
1.320767065327047e-03	8.287062e+01	3.067931e+01	8.500558e-01	6.493875e-03	-1.584326e+05	1.380028e-04
1.320772802665394e-03	8.286963e+01	3.040276e+01	8.638849e-01	7.650727e-03	-2.018580e+05	1.380011e-04
1.320781995997271e-03	8.286761e+01	2.987324e+01	8.836491e-01	9.873962e-03	-2.629146e+05	1.379976e-04
1.320795562849800e-03	8.286365e+01	2.889188e+01	9.184279e-01	1.395515e-02	-3.559717e+05	1.379906e-04
1.320817345343804e-03	8.285502e+01	2.700864e+01	9.819557e-01	2.246496e-02	-4.284561e+05	1.379767e-04
1.320825189816776e-03	8.285095e+01	2.622965e+01	1.007079e+00	2.600050e-02	-7.899112e+05	1.380772e-04
1.320830667963509e-03	8.284450e+01	2.565015e+01	1.024878e+00	2.854834e-02	-1.561264e+06	1.391566e-04
1.320833910501012e-03	8.283734e+01	2.530148e+01	1.035384e+00	3.007905e-02	-2.964535e+06	1.406870e-04
1.320840395576017e-03	8.281566e+01	2.460156e+01	1.056521e+00	3.317812e-02	-4.975256e+06	1.458016e-04
1.320853365726028e-03	8.274054e+01	2.324432e+01	1.097563e+00	3.930359e-02	-8.647865e+06	1.650028e-04
1.320875408022571e-03	8.251288e+01	2.113709e+01	1.160209e+00	4.885930e-02	-1.432740e+07	2.259598e-04
1.320895593579943e-03	8.213553e+01	1.950531e+01	1.206442e+00	5.606193e-02	-2.555042e+07	3.297295e-04
1.320913139843553e-03	8.154881e+01	1.837899e+01	1.237656e+00	6.104188e-02	-4.566220e+07	4.931587e-04
1.320929086225468e-03	8.060618e+01	1.758461e+01	1.259823e+00	6.470362e-02	-7.697871e+07	7.573222e-04
1.320946256110098e-03	7.899957e+01	1.690738e+01	1.278354e+00	6.799193e-02	-1.101640e+08	1.208728e-03
1.320954782523210e-03	7.777537e+01	1.663453e+01	1.285964e+00	6.947688e-02	-1.787857e+08	1.553142e-03
1.320965505691666e-03	7.555802e+01	1.635040e+01	1.294344e+00	7.130170e-02	-2.459749e+08	2.177396e-03
1.320975523697110e-03	7.267356e+01	1.612456e+01	1.301253e+00	7.304931e-02	-3.670964e+08	2.989793e-03
1.320987475041288e-03	6.749315e+01	1.590656e+01	1.308642e+00	7.531077e-02	-5.359908e+08	4.449322e-03
1.321011377729643e-03	5.345613e+01	1.555432e+01	1.321781e+00	8.078279e-02	-6.215462e+08	8.404656e-03
1.321020375485749e-03	4.704400e+01	1.544494e+01	1.326317e+00	8.313513e-02	-7.631552e+08	1.021160e-02
1.321035995820091e-03	3.466871e+01	1.529618e+01	1.333528e+00	8.722671e-02	-7.907790e+08	1.369888e-02
1.321037524020992e-03	3.348330e+01	1.528322e+01	1.334181e+00	8.760810e-02	-7.688270e+08	1.403276e-02
1.321038819849489e-03	3.249752e+01	1.527262e+01	1.334713e+00	8.792650e-02	-7.566124e+08	1.431034e-02
1.321039674076271e-03	3.185654e+01	1.526574e+01	1.335071e+00	8.813450e-02	-7.447719e+08	1.449125e-02
1.321040595220683e-03	3.117527e+01	1.525848e+01	1.335435e+00	8.835381e-02	-7.296898e+08	1.468370e-02
1.321042437509506e-03	2.984009e+01	1.524425e+01	1.336174e+00	8.879070e-02	-7.014335e+08	1.505998e-02
1.321046122087154e-03	2.729854e+01	1.521707e+01	1.337578e+00	8.962913e-02	-6.376339e+08	1.577595e-02
1.321053491242448e-03	2.279186e+01	1.516734e+01	1.340166e+00	9.116492e-02	-5.132164e+08	1.704604e-02
1.321068229553038e-03	1.595263e+01	1.508327e+01	1.344406e+00	9.363428e-02	-3.625537e+08	1.897297e-02
1.321097706174217e-03	6.761568e+00	1.494709e+01	1.349936e+00	9.658776e-02	-2.740972e+08	2.156213e-02
1.321111246756410e-03	4.161732e+00	1.489685e+01	1.351542e+00	9.734873e-02	-1.492536e+08	2.229437e-02
1.321124276566208e-03	2.795841e+00	1.485791e+01	1.352716e+00	9.784773e-02	-8.106151e+07	2.267877e-02
1.321140292120765e-03	1.807271e+00	1.481761e+01	1.353766e+00	9.824508e-02	-4.661069e+07	2.295658e-02
1.321159861196744e-03	1.137217e+00	1.477602e+01	1.354655e+00	9.852519e-02	-2.761575e+07	2.314442e-02
1.321173323598620e-03	8.950815e-01	1.475183e+01	1.355076e+00	9.864098e-02	-1.315212e+07	2.321197e-02
1.321188762216882e-03	7.571071e-01	1.472835e+01	1.355438e+00	9.872752e-02	-6.671810e+06	2.325004e-02
1.321206569087241e-03	6.732739e-01	1.470515e+01	1.355712e+00	9.878884e-02	-3.530002e+06	2.327274e-02
1.321224036738634e-03	6.325879e-01	1.468591e+01	1.355883e+00	9.882285e-02	-1.613708e+06	2.328329e-02
1.321246480206130e-03	6.088691e-01	1.466541e+01	1.355971e+00	9.884167e-02	-7.274625e+05	2.328880e-02
1.321272850546066e-03	5.970777e-01	1.464595e+01	1.355952e+00	9.883904e-02	-2.788161e+05	2.329075e-02
1.321309565582498e-03	5.912798e-01	1.462521e+01	1.355738e+00	9.880532e-02	-3.008423e+04	2.329049e-02
1.321574989321426e-03	5.879881e-01	1.456878e+01	1.351601e+00	9.813894e-02	-4.722219e+01	2.327787e-02
1.323565369909817e-03	5.879024e-01	1.454190e+01	1.311354e+00	9.171499e-02	-3.888366e+01	2.318432e-02
1.325555750498209e-03	5.878333e-01	1.451786e+01	1.273752e+00	8.574198e-02	-3.054513e+01	2.309914e-02
1.327546131086600e-03	5.877808e-01	1.449664e+01	1.238794e+00	8.021993e-02	-2.220660e+01	2.302235e-02
1.329536511674992e-03	5.877449e-01	1.447825e+01	1.206481e+00	7.514883e-02	-1.386807e+01	2.295393e-02
1.331526892263383e-03	5.877256e-01	1.446269e+01	1.176812e+00	7.052868e-02	-5.529533e+00	2.289388e-02
1.333517272851775e-03	5.877229e-01	1.444997e+01	1.149788e+00	6.635948e-02	2.808999e+00	2.284222e-02
1.335507653440166e-03	5.877368e-01	1.444007e+01	1.125408e+00	6.264123e-02	-6.929657e+01	2.279893e-02
1.340198418450204e-03	5.874118e-01	1.440805e+01	1.073685e+00	5.485570e-02	-7.410924e+01	2.270719e-02
1.341151946074828e-03	5.873185e-01	1.440181e+01	1.064500e+00	5.349769e-02	-4.407039e+01	2.269203e-02
1.343535765136387e-03	5.872647e-01	1.438805e+01	1.042564e+00	5.028388e-02	6.487156e+01	2.266047e-02
1.345533865368064e-03	5.873882e-01	1.437727e+01	1.025895e+00	4.788398e-02	5.873771e+01	2.263943e-02
1.347531965599740e-03	5.874994e-01	1.436686e+01	1.010196e+00	4.565219e-02	5.260385e+01	2.262141e-02
1.349530065831417e-03	5.875984e-01	1.435683e+01	9.954684e-01	4.358849e-02	4.647000e+01	2.260642e-02
1.351528166063093e-03	5.876851e-01	1.434717e+01	9.817115e-01	4.169291e-02	4.033615e+01	2.259445e-02
1.353526266294770e-03	5.877596e-01	1.433789e+01	9.689255e-01	3.996542e-02	3.420230e+01	2.258551e-02
1.355524366526446e-03	5.878218e-01	1.432899e+01	9.571103e-01	3.840604e-02	2.806844e+01	2.257959e-02
1.357522466758123e-03	5.878717e-01	1.432047e+01	9.462659e-01	3.701476e-02	-1.077571e+00	2.257669e-02
1.360046162802868e-03	5.878690e-01	1.430993e+01	9.333262e-01	3.539338e-02	-1.994693e-01	2.257537e-02
1.362583665829536e-03	5.878707e-01	1.429970e+01	9.213129e-01	3.394059e-02	1.330322e+00	2.257721e-02
1.365103492342980e-03	5.878758e-01	1.428984e+01	9.102561e-01	3.265532e-02	2.589944e+00	2.258183e-02
1.367633772660215e-03	5.878838e-01	1.428020e+01	8.999218e-01	3.150577e-02	3.702541e+00	2.258895e-02
1.370157858068247e-03	5.878945e-01	1.427080e+01	8.902827e-01	3.048494e-02	4.708005e+00	2.259826e-02
1.372685619024217e-03	5.879076e-01	1.426155e+01	8.812102e-01	2.957530e-02	5.610075e+00	2.260957e-02
1.375211170194464e-03	5.879228e-01	1.425245e+01	8.726425e-01	2.876716e-02	6.390044e+00	2.262261e-02
1.377738045561547e-03	5.879399e-01	1.424344e+01	8.644884e-01	2.804872e-02	7.089026e+00	2.263722e-02
1.380264125001261e-03	5.879586e-01	1.423449e+01	8.566794e-01	2.741116e-02	7.711014e+00	2.265322e-02
1.382790682061583e-03	5.879788e-01	1.422556e+01	8.491371e-01	2.684568e-02	8.261462e+00	2.267044e-02
1.385316952222483e-03	5.880004e-01	1.421662e+01	8.417886e-01	2.634499e-02	8.744571e+00	2.268876e-02
1.387843394615531e-03	5.880230e-01	1.420764e+01	8.345540e-01	2.590230e-02	9.163593e+00	2.270804e-02
1.390369733576355e-03	5.880467e-01	1.419859e+01	8.273481e-01	2.551178e-02	9.535258e+00	2.272817e-02
1.392896134638819e-03	5.880712e-01	1.418943e+01	8.200719e-01	2.516820e-02	9.859613e+00	2.274905e-02
1.395422498410032e-03	5.880965e-01	1.418014e+01	8.126066e-01	2.486699e-02	1.015603e+01	2.277059e-02
1.397948884572416e-03	5.881225e-01	1.417070e+01	8.047994e-01	2.460422e-02	1.043249e+01	2.279271e-02
1.400475257289606e-03	5.881492e-01	1.416110e+01	7.964426e-01	2.437654e-02	1.079198e+01	2.281534e-02
1.402570295304620e-03	5.881724e-01	1.415301e+01	7.888851e-01	2.421239e-02	1.115442e+01	2.283444e-02
1.403891982832765e-03	5.881873e-01	1.414786e+01	7.837097e-01	2.411974e-02	1.142782e+01	2.284662e-02
1.405412227036059e-03	5.882049e-01	1.414190e+01	7.772392e-01	2.402328e-02	1.175851e+01	2.286075e-02
1.407294117853762e-03	5.882273e-01	1.413449e+01	7.682132e-01	2.391857e-02	1.235862e+01	2.287840e-02
1.409608167062355e-03	5.882567e-01	1.412533e+01	7.549307e-01	2.381216e-02	1.301226e+01	2.290030e-02
1.412707018384207e-03	5.882978e-01	1.411402e+01	7.310928e-01	2.371045e-02	1.197258e+01	2.292987e-02
1.416990088430021e-03	5.883451e-01	1.410453e+01	6.837845e-01	2.364164e-02	1.022648e+01	2.297102e-02
1.423767071510141e-03	5.884109e-01	1.409640e+01	5.951535e-01	2.360670e-02	1.028701e+01	2.303640e-02
1.430030581069010e-03	5.884793e-01	1.408671e+01	5.166830e-01	2.358873e-02	1.125822e+01	2.309697e-02
1.437750868821365e-03	5.885683e-01	1.407443e+01	4.268091e-01	2.357378e-02	1.149956e+01	2.317178e-02
1.453191444326076e-03	5.887456e-01	1.404156e+01	2.702064e-01	2.356725e-02	1.130062e+01	2.332149e-02
1.468739947338417e-03	5.889185e-01	1.398783e+01	1.463485e-01	2.359427e-02	1.099226e+01	2.347210e-02
1.481295836688763e-03	5.890545e-01	1.392115e+01	7.692520e-02	2.364635e-02	1.061319e+01	2.359334e-02
1.490694117837909e-03	5.891515e-01	1.385180e+01	4.637135e-02	2.370619e-02	1.033923e+01	2.368377e-02
1.491171835543093e-03	5.891566e-01	1.384782e+01	4.527893e-02	2.370970e-02	1.084660e+01	2.368835e-02
1.491808792483338e-03	5.891636e-01	1.384243e+01	4.390505e-02	2.371443e-02	1.090077e+01	2.369445e-02
1.493082706363828e-03	5.891775e-01	1.383142e+01	4.136445e-02	2.372409e-02	1.071628e+01	2.370664e-02
1.493602237980576e-03	5.891830e-01	1.382685e+01	4.041260e-02	2.372812e-02	1.073765e+01	2.371161e-02
1.494121769597324e-03	5.891886e-01	1.382224e+01	3.950064e-02	2.373218e-02	1.075901e+01	2.371658e-02
1.494641301214071e-03	5.891942e-01	1.381758e+01	3.862857e-02	2.373627e-02	1.078038e+01	2.372154e-02
1.495160832830819e-03	5.891998e-01	1.381288e+01	3.779639e-02	2.374041e-02	1.080174e+01	2.372651e-02
1.495680364447567e-03	5.892055e-01	1.380814e+01	3.700411e-02	2.374458e-02	1.082311e+01	2.373147e-02
1.496199896064314e-03	5.892111e-01	1.380336e+01	3.625172e-02	2.374879e-02	1.084447e+01	2.373643e-02
1.496719427681062e-03	5.892167e-01	1.379853e+01	3.553922e-02	2.375304e-02	1.073102e+01	2.374138e-02
1.498151253933713e-03	5.892321e-01	1.378504e+01	3.375372e-02	2.376491e-02	1.069200e+01	2.375504e-02
1.498218498183852e-03	5.892327e-01	1.378443e+01	3.366715e-02	2.376544e-02	7.530327e+00	2.375568e-02
1.498259099627020e-03	5.892329e-01	1.378419e+01	3.357906e-02	2.376559e-02	6.563717e+00	2.375607e-02
1.498317820844596e-03	5.892334e-01	1.378462e+01	3.298494e-02	2.376413e-02	1.774226e+01	2.375663e-02
1.498378255926513e-03	5.892350e-01	1.378641e+01	3.123039e-02	2.376061e-02	1.693728e+01	2.375720e-02
1.498439121158178e-03	5.892355e-01	1.378869e+01	2.881726e-02	2.375898e-02	6.242392e+00	2.375779e-02
1.498473739582603e-03	5.892356e-01	1.378967e+01	2.761571e-02	2.375889e-02	8.526949e+00	2.375812e-02
1.498517978774898e-03	5.892361e-01	1.379046e+01	2.642564e-02	2.375890e-02	1.050099e+01	2.375854e-02
1.498573071285945e-03	5.892366e-01	1.379094e+01	2.539998e-02	2.375927e-02	1.021208e+01	2.375906e-02
1.498617384772180e-03	5.892371e-01	1.379102e+01	2.485706e-02	2.375956e-02	1.075245e+01	2.375949e-02
1.498656914493786e-03	5.892376e-01	1.379095e+01	2.451753e-02	2.375992e-02	1.059693e+01	2.375986e-02
1.498704392017276e-03	5.892381e-01	1.379072e+01	2.423673e-02	2.376030e-02	1.069510e+01	2.376032e-02
1.498748696190677e-03	5.892385e-01	1.379042e+01	2.406096e-02	2.376073e-02	1.090917e+01	2.376074e-02
1.498790616322253e-03	5.892390e-01	1.379009e+01	2.394811e-02	2.376109e-02	1.098935e+01	2.376114e-02
1.498828359038846e-03	5.892394e-01	1.378975e+01	2.387643e-02	2.376146e-02	1.097124e+01	2.376150e-02
1.498915740676624e-03	5.892404e-01	1.378891e+01	2.378014e-02	2.376228e-02	1.066604e+01	2.376233e-02
1.499092404456527e-03	5.892422e-01	1.378706e+01	2.371789e-02	2.376395e-02	1.078770e+01	2.376401e-02
1.499643029175061e-03	5.892482e-01	1.378111e+01	2.371578e-02	2.376920e-02	1.077528e+01	2.376926e-02
1.500193653893594e-03	5.892541e-01	1.377515e+01	2.371523e-02	2.377444e-02	1.076285e+01	2.377450e-02
1.500744278612128e-03	5.892600e-01	1.376920e+01	2.371624e-02	2.377968e-02	1.075042e+01	2.377975e-02
1.501294903330662e-03	5.892659e-01	1.376325e+01	2.371882e-02	2.378492e-02	1.073800e+01	2.378498e-02
1.501845528049196e-03	5.892718e-01	1.375731e+01	2.372297e-02	2.379016e-02	1.072557e+01	2.379022e-02
1.502396152767729e-03	5.892777e-01	1.375136e+01	2.372867e-02	2.379539e-02	1.071314e+01	2.379545e-02
1.502946777486263e-03	5.892836e-01	1.374541e+01	2.373595e-02	2.380062e-02	1.065921e+01	2.380069e-02
1.515065804710720e-03	5.894119e-01	1.361554e+01	2.383994e-02	2.391513e-02	1.050559e+01	2.391498e-02
1.527184831935177e-03	5.895383e-01	1.348688e+01	2.394473e-02	2.402840e-02	1.035197e+01	2.402806e-02
1.539303859159634e-03	5.896628e-01	1.335944e+01	2.405031e-02	2.414042e-02	1.019835e+01	2.413993e-02
1.551422886384092e-03	5.897855e-01	1.323322e+01	2.415669e-02	2.425121e-02	1.004473e+01	2.425060e-02
1.563541913608549e-03	5.899063e-01	1.310823e+01	2.426385e-02	2.436075e-02	9.891105e+00	2.436005e-02
1.575660940833006e-03	5.900252e-01	1.298445e+01	2.437181e-02	2.446904e-02	9.737484e+00	2.446830e-02
1.587779968057463e-03	5.901423e-01	1.286189e+01	2.448056e-02	2.457610e-02	9.372783e+00	2.457533e-02
1.699208539486034e-03	5.911187e-01	1.180782e+01	2.542247e-02	2.550950e-02	8.153456e+00	2.550867e-02
1.810637110914606e-03	5.919593e-01	1.082903e+01	2.623989e-02	2.631902e-02	6.934128e+00	2.631814e-02
1.922065682343178e-03	5.926641e-01	9.925507e+00	2.693282e-02	2.700466e-02	5.714801e+00	2.700374e-02
2.033494253771750e-03	5.932329e-01	9.097254e+00	2.750126e-02	2.756642e-02	4.495474e+00	2.756547e-02
2.144922825200321e-03	5.936659e-01	8.344269e+00	2.794522e-02	2.800431e-02	3.276147e+00	2.800333e-02
2.256351396628893e-03	5.939630e-01	7.666554e+00	2.826468e-02	2.831832e-02	2.056820e+00	2.831731e-02
2.367779968057464e-03	5.941243e-01	7.064109e+00	2.845966e-02	2.850846e-02	1.078837e+00	2.850743e-02
2.479208539486036e-03	5.941780e-01	6.508793e+00	2.851030e-02	2.855464e-02	-1.144718e-01	2.855360e-02
2.590637110914608e-03	5.940988e-01	5.993137e+00	2.842830e-02	2.846849e-02	-1.307781e+00	2.846745e-02
2.702065682343180e-03	5.938866e-01	5.517143e+00	2.821364e-02	2.825002e-02	-2.501089e+00	2.824898e-02
2.813494253771752e-03	5.935414e-01	5.080809e+00	2.786634e-02	2.789922e-02	-3.694398e+00	2.789819e-02
2.924922825200323e-03	5.930632e-01	4.684136e+00	2.738638e-02	2.741609e-02	-4.887707e+00	2.741507e-02
3.036351396628895e-03	5.924521e-01	4.327124e+00	2.677377e-02	2.680064e-02	-6.081015e+00	2.679963e-02
3.147779968057467e-03	5.917080e-01	4.009773e+00	2.602852e-02	2.605285e-02	-6.701420e+00	2.605187e-02
3.259208539486038e-03	5.908534e-01	3.717230e+00	2.514888e-02	2.517089e-02	-8.637586e+00	2.516994e-02
3.370637110914610e-03	5.897831e-01	3.445516e+00	2.416162e-02	2.418148e-02	-1.057375e+01	2.418057e-02
3.482065682343182e-03	5.884970e-01	3.194631e+00	2.306674e-02	2.308462e-02	-1.250992e+01	2.308374e-02
3.593494253771754e-03	5.869952e-01	2.964575e+00	2.186424e-02	2.188030e-02	-1.444608e+01	2.187947e-02
3.704922825200325e-03	5.852776e-01	2.755349e+00	2.055411e-02	2.056853e-02	-1.638225e+01	2.056774e-02
3.816351396628897e-03	5.833443e-01	2.566952e+00	1.913636e-02	1.914930e-02	-1.831841e+01	1.914857e-02
3.927779968057469e-03	5.811952e-01	2.399383e+00	1.761099e-02	1.762262e-02	-1.304606e+01	1.762195e-02
4.033762110914611e-03	5.793827e-01	2.252034e+00	1.607539e-02	1.608587e-02	-2.115753e+01	1.608528e-02
4.139744253771755e-03	5.767106e-01	2.114492e+00	1.448821e-02	1.449762e-02	-2.926900e+01	1.449711e-02
4.245726396628898e-03	5.731787e-01	1.986756e+00	1.284944e-02	1.285788e-02	-3.738047e+01	1.285744e-02
4.351708539486041e-03	5.687872e-01	1.868826e+00	1.115909e-02	1.116663e-02	-4.549194e+01	1.116626e-02
4.457690682343185e-03	5.635361e-01	1.760703e+00	9.417160e-03	9.423896e-03	-5.360341e+01	9.423586e-03
4.563672825200328e-03	5.574252e-01	1.662387e+00	7.623645e-03	7.629661e-03	-6.171488e+01	7.629404e-03
4.669654968057471e-03	5.504547e-01	1.573877e+00	5.778547e-03	5.783929e-03	-9.069977e+01	5.783718e-03
4.718593232130698e-03	5.460160e-01	1.534329e+00	4.925927e-03	4.931037e-03	-4.673039e+01	4.931008e-03
4.718973623126119e-03	5.481500e-01	1.534028e+00	4.919156e-03	4.924258e-03	4.728305e+04	4.923749e-03
4.719359383294682e-03	5.822420e-01	1.533731e+00	4.910324e-03	4.915313e-03	2.500350e+05	4.907385e-03
4.719739926966299e-03	7.397528e-01	1.533486e+00	4.871681e-03	4.874974e-03	7.214368e+05	4.856322e-03
4.719900191995698e-03	9.724013e-01	1.533456e+00	4.805420e-03	4.804970e-03	2.276525e+06	4.787941e-03
4.720018215417387e-03	1.373283e+00	1.533525e+00	4.700570e-03	4.694289e-03	4.884142e+06	4.672876e-03
4.720132385663468e-03	2.106468e+00	1.533734e+00	4.519070e-03	4.503010e-03	8.728233e+06	4.464205e-03
4.720278147590789e-03	3.642032e+00	1.534307e+00	4.118781e-03	4.082229e-03	1.273461e+07	4.028816e-03
4.720417749788627e-03	5.740469e+00	1.535267e+00	3.534365e-03	3.470299e-03	1.655399e+07	3.434893e-03
4.720569719035789e-03	8.468704e+00	1.536764e+00	2.752248e-03	2.656603e-03	1.766357e+07	2.663254e-03
4.720719875834432e-03	1.107709e+01	1.538558e+00	1.998218e-03	1.879496e-03	1.543278e+07	1.925457e-03
4.720888278543770e-03	1.338496e+01	1.540738e+00	1.334905e-03	1.203508e-03	1.128514e+07	1.272091e-03
4.721090937656241e-03	1.526458e+01	1.543385e+00	8.278374e-04	6.928195e-04	7.735418e+06	7.388825e-04
4.721246820122344e-03	1.615843e+01	1.545420e+00	5.985011e-04	4.634617e-04	4.659666e+06	4.843367e-04
4.721395763257108e-03	1.668496e+01	1.547370e+00	4.611720e-04	3.264758e-04	3.139670e+06	3.334590e-04
4.721477537382817e-03	1.688281e+01	1.548444e+00	4.079134e-04	2.733156e-04	2.055528e+06	2.763711e-04
4.721574305152810e-03	1.705196e+01	1.549718e+00	3.587625e-04	2.242220e-04	1.540592e+06	2.271322e-04
4.721673303179436e-03	1.718440e+01	1.551020e+00	3.205594e-04	1.860812e-04	1.178238e+06	1.881464e-04
4.721772116912186e-03	1.728503e+01	1.552321e+00	2.911631e-04	1.566860e-04	8.987926e+05	1.581315e-04
4.721866851313462e-03	1.735836e+01	1.553568e+00	2.691731e-04	1.346937e-04	6.715984e+05	1.359085e-04
4.721981253632375e-03	1.742549e+01	1.555074e+00	2.485972e-04	1.140929e-04	5.157916e+05	1.151125e-04
4.722089963347792e-03	1.747344e+01	1.556506e+00	2.335425e-04	9.901904e-05	3.788499e+05	9.981463e-05
4.722217007870057e-03	1.751480e+01	1.558179e+00	2.199906e-04	8.543713e-05	2.821579e+05	8.607474e-05
4.722339655131043e-03	1.754389e+01	1.559795e+00	2.099283e-04	7.536055e-05	1.993163e+05	7.586650e-05
4.722486274480082e-03	1.756847e+01	1.561726e+00	2.007096e-04	6.612692e-05	1.413176e+05	6.653778e-05
4.722630168462749e-03	1.758495e+01	1.563622e+00	1.938039e-04	5.922643e-05	9.196632e+04	5.953793e-05
4.722799170363112e-03	1.759725e+01	1.565848e+00	1.876270e-04	5.306183e-05	5.694160e+04	5.330435e-05
4.722968975835152e-03	1.760424e+01	1.568084e+00	1.829113e-04	4.837975e-05	2.795698e+04	4.855379e-05
4.723165849396129e-03	1.760750e+01	1.570676e+00	1.787696e-04	4.428388e-05	7.074227e+03	4.441262e-05
4.723370659703935e-03	1.760708e+01	1.573371e+00	1.755144e-04	4.109686e-05	-9.658975e+03	4.117722e-05
4.723601648544543e-03	1.760329e+01	1.576408e+00	1.727515e-04	3.841632e-05	-2.206581e+04	3.846537e-05
4.723852425281601e-03	1.759645e+01	1.579704e+00	1.704980e-04	3.627090e-05	-3.161028e+04	3.628694e-05
4.724127686549166e-03	1.758666e+01	1.583317e+00	1.686510e-04	3.454620e-05	-3.889063e+04	3.454032e-05
4.724440332172638e-03	1.757359e+01	1.587417e+00	1.670842e-04	3.313479e-05	-4.422269e+04	3.310612e-05
4.724774933527723e-03	1.755804e+01	1.591799e+00	1.658413e-04	3.205996e-05	-4.828590e+04	3.201024e-05
4.725147007597014e-03	1.753946e+01	1.596665e+00	1.647984e-04	3.121710e-05	-5.118653e+04	3.115255e-05
4.725547025450531e-03	1.751852e+01	1.601888e+00	1.639585e-04	3.059198e-05	-5.385929e+04	3.050453e-05
4.726315912953103e-03	1.747651e+01	1.611903e+00	1.628025e-04	2.986399e-05	-5.585342e+04	2.975129e-05
4.727615725363797e-03	1.740297e+01	1.628754e+00	1.614904e-04	2.929192e-05	-5.764085e+04	2.918187e-05
4.729362048108907e-03	1.730225e+01	1.651241e+00	1.602438e-04	2.904653e-05	-5.771745e+04	2.892885e-05
4.731108370854017e-03	1.720139e+01	1.673552e+00	1.590145e-04	2.881794e-05	-5.779404e+04	2.869446e-05
4.732854693599127e-03	1.710039e+01	1.695687e+00	1.578023e-04	2.860615e-05	-5.787064e+04	2.847871e-05
4.734601016344237e-03	1.699926e+01	1.717647e+00	1.566072e-04	2.841117e-05	-5.794724e+04	2.828158e-05
4.736347339089347e-03	1.689800e+01	1.739431e+00	1.554293e-04	2.823299e-05	-5.802384e+04	2.810309e-05
4.738093661834458e-03	1.679661e+01	1.761040e+00	1.542686e-04	2.807162e-05	-5.810044e+04	2.794323e-05
4.739839984579567e-03	1.669508e+01	1.782472e+00	1.531250e-04	2.792705e-05	-5.821050e+04	2.780200e-05
4.772167131132818e-03	1.480300e+01	2.145324e+00	1.315987e-04	2.475857e-05	-5.884759e+04	2.465116e-05
4.804494277686068e-03	1.289033e+01	2.451045e+00	1.103162e-04	2.155595e-05	-5.948467e+04	2.146602e-05
4.836821424239319e-03	1.095706e+01	2.699633e+00	8.927756e-05	1.831920e-05	-6.012175e+04	1.824659e-05
4.869148570792569e-03	9.003200e+00	2.891090e+00	6.848271e-05	1.504833e-05	-6.075883e+04	1.499286e-05
4.901475717345820e-03	7.028743e+00	3.025415e+00	4.793167e-05	1.174332e-05	-6.139592e+04	1.170483e-05
4.933802863899070e-03	5.033691e+00	3.102609e+00	2.762445e-05	8.404182e-06	-6.203300e+04	8.382509e-06
4.966130010452320e-03	3.018043e+00	3.122671e+00	7.561038e-06	5.030915e-06	-6.263193e+04	5.025890e-06
4.986130010452321e-03	1.765405e+00	3.110790e+00	-4.709868e-06	2.934742e-06	-6.278145e+04	2.939894e-06
5.006130010452321e-03	5.067852e-01	3.078688e+00	-1.687695e-05	8.285100e-07	-6.307387e+04	8.439393e-07
5.026130010452321e-03	-7.575500e-01	3.026598e+00	-2.894526e-05	-1.286919e-06	-6.335303e+04	-1.261534e-06
5.046130010452321e-03	-2.027336e+00	2.954755e+00	-4.090848e-05	-3.411525e-06	-6.361894e+04	-3.376085e-06
5.066130010452321e-03	-3.302308e+00	2.863392e+00	-5.277181e-05	-5.544445e-06	-6.387161e+04	-5.499271e-06
5.086130010452321e-03	-4.582200e+00	2.752746e+00	-6.452909e-05	-7.685658e-06	-6.411102e+04	-7.630651e-06
5.106130010452321e-03	-5.866749e+00	2.623052e+00	-7.618569e-05	-9.834303e-06	-6.433716e+04	-9.769785e-06
5.126130010452321e-03	-7.155687e+00	2.474546e+00	-8.773566e-05	-1.199036e-05	-6.455005e+04	-1.191623e-05
5.146130010452321e-03	-8.448751e+00	2.307464e+00	-9.918462e-05	-1.415296e-05	-6.474968e+04	-1.406954e-05
5.166130010452321e-03	-9.745674e+00	2.122045e+00	-1.105270e-04	-1.632209e-05	-6.493605e+04	-1.622929e-05
5.186130010452321e-03	-1.104619e+01	1.918524e+00	-1.217688e-04	-1.849689e-05	-6.510922e+04	-1.839502e-05
5.206130010452321e-03	-1.235004e+01	1.697142e+00	-1.329050e-04	-2.067734e-05	-6.526910e+04	-2.056629e-05
5.226130010452321e-03	-1.365696e+01	1.458134e+00	-1.439426e-04	-2.286257e-05	-6.541575e+04	-2.274267e-05
5.246130010452321e-03	-1.496667e+01	1.201742e+00	-1.548778e-04	-2.505258e-05	-6.554919e+04	-2.492371e-05
5.266130010452321e-03	-1.627892e+01	9.282034e-01	-1.657195e-04	-2.724650e-05	-6.566943e+04	-2.710898e-05
5.286130010452321e-03	-1.759345e+01	6.377585e-01	-1.764674e-04	-2.944432e-05	-6.577652e+04	-2.929804e-05
5.306130010452321e-03	-1.890999e+01	3.306475e-01	-1.871466e-04	-3.164520e-05	-6.587037e+04	-3.149044e-05
5.326130010452321e-03	-2.022826e+01	7.112666e-03	-1.994804e-04	-3.385087e-05	-6.595105e+04	-3.368574e-05
5.346130010452321e-03	-2.154803e+01	-3.326065e-01	-2.120948e-04	-3.605904e-05	-6.601866e+04	-3.588352e-05
5.366130010452322e-03	-2.286901e+01	-6.882717e-01	-2.224560e-04	-3.826721e-05	-6.607307e+04	-3.808333e-05
5.386130010452322e-03	-2.419095e+01	-1.059639e+00	-2.326452e-04	-4.047660e-05	-6.611441e+04	-4.028473e-05
5.406130010452322e-03	-2.551359e+01	-1.446468e+00	-2.427089e-04	-4.268722e-05	-6.614273e+04	-4.248729e-05
5.426130010452322e-03	-2.683666e+01	-1.848514e+00	-2.526245e-04	-4.489822e-05	-6.615799e+04	-4.469058e-05
5.446130010452322e-03	-2.815991e+01	-2.265537e+00	-2.624208e-04	-4.710959e-05	-6.616019e+04	-4.689415e-05
5.466130010452322e-03	-2.948307e+01	-2.697293e+00	-2.720739e-04	-4.932048e-05	-6.613644e+04	-4.909759e-05
5.506130010452322e-03	-3.212809e+01	-3.604031e+00	-2.910043e-04	-5.373991e-05	-6.608261e+04	-5.350230e-05
5.546130010452322e-03	-3.476968e+01	-4.566783e+00	-3.094194e-04	-5.815310e-05	-6.597069e+04	-5.790128e-05
5.586130010452322e-03	-3.740575e+01	-5.583596e+00	-3.273201e-04	-6.255662e-05	-6.575398e+04	-6.229108e-05
5.646130010452322e-03	-4.134507e+01	-7.205907e+00	-3.532089e-04	-6.913642e-05	-6.545689e+04	-6.885116e-05
5.706130010452322e-03	-4.526057e+01	-8.938852e+00	-3.779226e-04	-7.567522e-05	-6.505924e+04	-7.537157e-05
5.723272867595179e-03	-4.637435e+01	-9.453760e+00	-3.847715e-04	-7.753508e-05	-6.488176e+04	-7.722633e-05
5.740415724738037e-03	-4.748509e+01	-9.976619e+00	-3.915236e-04	-7.938978e-05	-6.470429e+04	-7.907602e-05
5.757558581880894e-03	-4.859279e+01	-1.050743e+01	-3.981787e-04	-8.123930e-05	-6.452681e+04	-8.092064e-05
5.774701439023752e-03	-4.969744e+01	-1.104619e+01	-4.047368e-04	-8.308366e-05	-6.434934e+04	-8.276020e-05
5.791844296166609e-03	-5.079905e+01	-1.159290e+01	-4.111980e-04	-8.492285e-05	-6.417187e+04	-8.459469e-05
5.808987153309466e-03	-5.189762e+01	-1.214756e+01	-4.175623e-04	-8.675687e-05	-6.399439e+04	-8.642412e-05
5.826130010452323e-03	-5.299314e+01	-1.271018e+01	-4.238296e-04	-8.858572e-05	-6.371278e+04	-8.824847e-05
5.846130010452323e-03	-5.426740e+01	-1.337334e+01	-4.403960e-04	-9.072055e-05	-6.365096e+04	-9.037047e-05
5.853630010452322e-03	-5.474355e+01	-1.362541e+01	-4.614103e-04	-9.153385e-05	-6.325740e+04	-9.116338e-05
5.883195905089269e-03	-5.661209e+01	-1.463414e+01	-5.618513e-04	-9.474478e-05	-6.279787e+04	-9.427504e-05
5.943195905089269e-03	-6.036809e+01	-1.673915e+01	-7.850488e-04	-1.012166e-04	-6.244909e+04	-1.005298e-04
5.994624476517840e-03	-6.355230e+01	-1.861582e+01	-9.861602e-04	-1.067151e-04	-6.138114e+04	-1.058324e-04
6.046053047946412e-03	-6.668158e+01	-2.053515e+01	-1.191009e-03	-1.121259e-04	-6.031318e+04	-1.110436e-04
6.097481619374984e-03	-6.975594e+01	-2.249711e+01	-1.399596e-03	-1.174491e-04	-5.924522e+04	-1.161632e-04
6.148910190803556e-03	-7.277538e+01	-2.450172e+01	-1.611920e-03	-1.226847e-04	-5.817727e+04	-1.211914e-04
6.200338762232127e-03	-7.573989e+01	-2.654897e+01	-1.827981e-03	-1.278326e-04	-5.710931e+04	-1.261282e-04
6.251767333660699e-03	-7.864948e+01	-2.863887e+01	-2.047780e-03	-1.328928e-04	-5.604136e+04	-1.309735e-04
6.303195905089270e-03	-8.150414e+01	-3.077140e+01	-2.271316e-03	-1.378654e-04	-5.442343e+04	-1.357273e-04
6.323195905089270e-03	-8.259261e+01	-3.160459e+01	-2.358285e-03	-1.397632e-04	-5.442568e+04	-1.375399e-04
6.326230921830342e-03	-8.275761e+01	-3.173133e+01	-2.210678e-03	-1.398751e-04	-5.430705e+04	-1.378147e-04
6.329265938571413e-03	-8.292226e+01	-3.185812e+01	-2.127868e-03	-1.400565e-04	-5.418842e+04	-1.380889e-04
6.332300955312484e-03	-8.308654e+01	-3.198496e+01	-2.109854e-03	-1.403074e-04	-5.406978e+04	-1.383624e-04
6.335335972053556e-03	-8.325046e+01	-3.211185e+01	-2.156638e-03	-1.406277e-04	-5.395115e+04	-1.386354e-04
6.338370988794627e-03	-8.341402e+01	-3.223880e+01	-2.268219e-03	-1.410175e-04	-5.383252e+04	-1.389078e-04
6.341406005535699e-03	-8.357723e+01	-3.236580e+01	-2.444597e-03	-1.414768e-04	-5.371388e+04	-1.391796e-04
6.344441022276770e-03	-8.374007e+01	-3.249285e+01	-2.685772e-03	-1.420055e-04	-5.357642e+04	-1.394507e-04
6.345691022276770e-03	-8.380704e+01	-3.254511e+01	-2.862862e-03	-1.423002e-04	-5.354581e+04	-1.395623e-04
6.348191022276770e-03	-8.394087e+01	-3.264923e+01	-3.554995e-03	-1.432349e-04	-5.350175e+04	-1.397851e-04
6.350542541493572e-03	-8.406660e+01	-3.274635e+01	-4.880100e-03	-1.448045e-04	-5.345809e+04	-1.399945e-04
6.351137174992505e-03	-8.409839e+01	-3.277082e+01	-5.322134e-03	-1.453096e-04	-5.343694e+04	-1.400474e-04
6.351731808491436e-03	-8.413016e+01	-3.279514e+01	-5.879245e-03	-1.459325e-04	-5.341580e+04	-1.401003e-04
6.352326441990369e-03	-8.416191e+01	-3.281931e+01	-6.551433e-03	-1.466730e-04	-5.339465e+04	-1.401532e-04
6.352921075489301e-03	-8.419366e+01	-3.284333e+01	-7.338697e-03	-1.475313e-04	-5.337351e+04	-1.402061e-04
6.353515708988233e-03	-8.422539e+01	-3.286721e+01	-8.241037e-03	-1.485073e-04	-5.335236e+04	-1.402589e-04
6.354110342487165e-03	-8.425711e+01	-3.289094e+01	-9.258455e-03	-1.496010e-04	-5.333122e+04	-1.403117e-04
6.354704975986098e-03	-8.428881e+01	-3.291452e+01	-1.039095e-02	-1.508124e-04	-5.312925e+04	-1.403645e-04
6.354719477608434e-03	-8.428958e+01	-3.291506e+01	-1.042656e-02	-1.509210e-04	-5.326217e+04	-1.403658e-04
6.354735478464820e-03	-8.429044e+01	-3.291556e+01	-1.049281e-02	-1.512453e-04	-5.319465e+04	-1.403673e-04
6.354767480177594e-03	-8.429214e+01	-3.291587e+01	-1.092774e-02	-1.532885e-04	-5.313104e+04	-1.403701e-04
6.354788918337971e-03	-8.429328e+01	-3.291485e+01	-1.178153e-02	-1.576935e-04	-5.308063e+04	-1.403720e-04
6.354804335722804e-03	-8.429409e+01	-3.291233e+01	-1.316764e-02	-1.653568e-04	-5.242231e+04	-1.403733e-04
6.354817772685115e-03	-8.429479e+01	-3.290740e+01	-1.554775e-02	-1.785901e-04	-5.175625e+04	-1.403745e-04
6.354831039360792e-03	-8.429547e+01	-3.289792e+01	-1.993651e-02	-2.023442e-04	-5.064965e+04	-1.403756e-04
6.354844483978331e-03	-8.429614e+01	-3.288010e+01	-2.804872e-02	-2.447399e-04	-4.828929e+04	-1.403768e-04
6.354859390177938e-03	-8.429684e+01	-3.284425e+01	-4.472352e-02	-3.286647e-04	-4.500089e+04	-1.403779e-04
6.354872908727947e-03	-8.429742e+01	-3.278681e+01	-7.166884e-02	-4.609621e-04	-3.882491e+04	-1.403788e-04
6.354887081725043e-03	-8.429792e+01	-3.268380e+01	-1.207093e-01	-6.954984e-04	-2.924724e+04	-1.403796e-04
6.354900466409298e-03	-8.429823e+01	-3.252254e+01	-1.984351e-01	-1.058785e-03	-1.403286e+04	-1.403801e-04
6.354914282481304e-03	-8.429830e+01	-3.225555e+01	-3.287155e-01	-1.656568e-03	7.648969e+03	-1.403802e-04
6.354927623158000e-03	-8.429802e+01	-3.185837e+01	-5.220176e-01	-2.548244e-03	4.013830e+04	-1.403797e-04
6.354940939518169e-03	-8.429723e+01	-3.131513e+01	-7.714740e-01	-3.901463e-03	7.533340e+04	-1.403784e-04
6.354946401000163e-03	-8.429660e+01	-3.108519e+01	-8.311349e-01	-4.733412e-03	1.311240e+05	-1.403775e-04
6.354954994008007e-03	-8.429539e+01	-3.073771e+01	-8.483963e-01	-6.247884e-03	1.496046e+05	-1.403755e-04
6.354960474928816e-03	-8.429450e+01	-3.048931e+01	-8.598482e-01	-7.296699e-03	1.845105e+05	-1.403739e-04
6.354967031164984e-03	-8.429317e+01	-3.013535e+01	-8.740033e-01	-8.781672e-03	2.449393e+05	-1.403716e-04
6.354980143637320e-03	-8.428968e+01	-2.923051e+01	-9.056991e-01	-1.241188e-02	3.429197e+05	-1.403653e-04
6.355006368581993e-03	-8.427968e+01	-2.702900e+01	-9.811248e-01	-2.232465e-02	3.990581e+05	-1.403490e-04
6.355012447971996e-03	-8.427679e+01	-2.644463e+01	-1.000410e+00	-2.505142e-02	7.243685e+05	-1.403639e-04
6.355020027835893e-03	-8.426978e+01	-2.564758e+01	-1.024952e+00	-2.856451e-02	1.518470e+06	-1.412979e-04
6.355025753626909e-03	-8.425659e+01	-2.503130e+01	-1.043531e+00	-3.127098e-02	3.247858e+06	-1.441783e-04
6.355033388014930e-03	-8.422639e+01	-2.421058e+01	-1.068289e+00	-3.492338e-02	5.754385e+06	-1.515024e-04
6.355048656790972e-03	-8.412479e+01	-2.263747e+01	-1.115549e+00	-4.202426e-02	9.433608e+06	-1.778258e-04
6.355068376206316e-03	-8.389633e+01	-2.080715e+01	-1.169366e+00	-5.027574e-02	1.593691e+07	-2.394065e-04
6.355087324567260e-03	-8.350855e+01	-1.933178e+01	-1.211153e+00	-5.680595e-02	2.774045e+07	-3.463217e-04
6.355104464024295e-03	-8.289523e+01	-1.826846e+01	-1.240717e+00	-6.153807e-02	4.866328e+07	-5.173217e-04
6.355120367553467e-03	-8.190057e+01	-1.749995e+01	-1.262161e+00	-6.510029e-02	8.139660e+07	-7.961778e-04
6.355137286550486e-03	-8.022359e+01	-1.685240e+01	-1.279934e+00	-6.828593e-02	1.174420e+08	-1.267456e-03
6.355146212742869e-03	-7.886526e+01	-1.657550e+01	-1.287683e+00	-6.982438e-02	1.923325e+08	-1.649658e-03
6.355156967232820e-03	-7.643836e+01	-1.630202e+01	-1.295863e+00	-7.165248e-02	2.790660e+08	-2.332990e-03
6.355169802517416e-03	-7.228215e+01	-1.602920e+01	-1.304384e+00	-7.393455e-02	4.074190e+08	-3.503699e-03
6.355183200129974e-03	-6.575058e+01	-1.580202e+01	-1.312302e+00	-7.661647e-02	5.918111e+08	-5.344029e-03
6.355206851818711e-03	-5.035597e+01	-1.548251e+01	-1.324909e+00	-8.238059e-02	6.799480e+08	-9.682091e-03
6.355215461156806e-03	-4.381476e+01	-1.538669e+01	-1.329118e+00	-8.469354e-02	7.851517e+08	-1.152544e-02
6.355224170731719e-03	-3.675799e+01	-1.530590e+01	-1.333101e+00	-8.700114e-02	8.037008e+08	-1.351415e-02
6.355225132773712e-03	-3.598901e+01	-1.529768e+01	-1.333519e+00	-8.724882e-02	7.949464e+08	-1.373104e-02
6.355226094815705e-03	-3.522845e+01	-1.528959e+01	-1.333932e+00	-8.749430e-02	7.861920e+08	-1.394551e-02
6.355227056857698e-03	-3.447631e+01	-1.528163e+01	-1.334341e+00	-8.773758e-02	7.774376e+08	-1.415757e-02
6.355228018899691e-03	-3.373259e+01	-1.527380e+01	-1.334746e+00	-8.797866e-02	7.686832e+08	-1.436722e-02
6.355228980941684e-03	-3.299730e+01	-1.526611e+01	-1.335146e+00	-8.821755e-02	7.599288e+08	-1.457444e-02
6.355229942983677e-03	-3.227043e+01	-1.525856e+01	-1.335541e+00	-8.845424e-02	7.511744e+08	-1.477926e-02
6.355230905025670e-03	-3.155198e+01	-1.525113e+01	-1.335933e+00	-8.868873e-02	7.079332e+08	-1.498165e-02
6.355235629225531e-03	-2.820756e+01	-1.521626e+01	-1.337773e+00	-8.979557e-02	6.408478e+08	-1.592374e-02
6.355245077625253e-03	-2.246950e+01	-1.515394e+01	-1.341070e+00	-9.177419e-02	5.110336e+08	-1.754062e-02
6.355263974424698e-03	-1.372221e+01	-1.504852e+01	-1.346171e+00	-9.474094e-02	3.904348e+08	-2.000523e-02
6.355283194496304e-03	-7.587343e+00	-1.496026e+01	-1.349709e+00	-9.664253e-02	2.722855e+08	-2.173356e-02
6.355296134935829e-03	-4.965369e+00	-1.491160e+01	-1.351412e+00	-9.748147e-02	1.636238e+08	-2.247198e-02
6.355309239844992e-03	-3.325704e+00	-1.487053e+01	-1.352723e+00	-9.807181e-02	9.786137e+07	-2.293349e-02
6.355325865759792e-03	-2.055869e+00	-1.482640e+01	-1.353933e+00	-9.855421e-02	5.974742e+07	-2.329056e-02
6.355342097636240e-03	-1.362536e+00	-1.479028e+01	-1.354762e+00	-9.883625e-02	3.131837e+07	-2.348514e-02
6.355361489062804e-03	-9.402054e-01	-1.475414e+01	-1.355440e+00	-9.903138e-02	1.713414e+07	-2.360316e-02
6.355376163607636e-03	-7.788448e-01	-1.473110e+01	-1.355794e+00	-9.911930e-02	7.864356e+06	-2.364787e-02
6.355394016407427e-03	-6.843988e-01	-1.470743e+01	-1.356087e+00	-9.918553e-02	4.011991e+06	-2.367354e-02
6.355410997852627e-03	-6.390902e-01	-1.468833e+01	-1.356261e+00	-9.922167e-02	1.861111e+06	-2.368542e-02
6.355432548772045e-03	-6.126858e-01	-1.466814e+01	-1.356365e+00	-9.924290e-02	8.489985e+05	-2.369173e-02
6.355458004305691e-03	-5.991817e-01	-1.464873e+01	-1.356360e+00	-9.924360e-02	3.372122e+05	-2.369420e-02
6.355492408196512e-03	-5.925004e-01	-1.462841e+01	-1.356187e+00	-9.921611e-02	6.817496e+04	-2.369429e-02
6.355611544941014e-03	-5.887141e-01	-1.458877e+01	-1.354734e+00	-9.898150e-02	1.258795e+02	-2.368920e-02
6.357549856759170e-03	-5.884947e-01	-1.455219e+01	-1.315524e+00	-9.271851e-02	1.005616e+02	-2.359658e-02
6.359488168577327e-03	-5.883243e-01	-1.452088e+01	-1.278783e+00	-8.687755e-02	7.524361e+01	-2.351201e-02
6.361426480395484e-03	-5.882030e-01	-1.449485e+01	-1.244512e+00	-8.145861e-02	4.992565e+01	-2.343550e-02
6.363364792213641e-03	-5.881307e-01	-1.447409e+01	-1.212710e+00	-7.646170e-02	2.460770e+01	-2.336703e-02
6.365303104031797e-03	-5.881076e-01	-1.445861e+01	-1.183379e+00	-7.188681e-02	-7.102494e-01	-2.330661e-02
6.367241415849954e-03	-5.881335e-01	-1.444841e+01	-1.156517e+00	-6.773396e-02	-2.602820e+01	-2.325424e-02
6.369179727668111e-03	-5.882085e-01	-1.444348e+01	-1.132124e+00	-6.400312e-02	6.951397e+01	-2.320992e-02
6.373709413642422e-03	-5.878936e-01	-1.441213e+01	-1.080981e+00	-5.628139e-02	7.418875e+01	-2.311646e-02
6.374580409765887e-03	-5.878078e-01	-1.440632e+01	-1.072344e+00	-5.499753e-02	1.582792e+01	-2.310159e-02
6.376322402012818e-03	-5.878522e-01	-1.439667e+01	-1.055600e+00	-5.252706e-02	5.037760e+01	-2.307735e-02
6.377947775392870e-03	-5.877921e-01	-1.438727e+01	-1.041120e+00	-5.041766e-02	2.368890e+01	-2.305642e-02
6.379573148772922e-03	-5.877752e-01	-1.437821e+01	-1.027367e+00	-4.843347e-02	-2.999801e+00	-2.303784e-02
6.381198522152974e-03	-5.878018e-01	-1.436949e+01	-1.014342e+00	-4.657448e-02	-2.968850e+01	-2.302162e-02
6.382823895533026e-03	-5.878718e-01	-1.436110e+01	-1.002043e+00	-4.484068e-02	-5.637720e+01	-2.300776e-02
6.384449268913078e-03	-5.879851e-01	-1.435305e+01	-9.904709e-01	-4.323210e-02	-8.306591e+01	-2.299626e-02
6.386074642293130e-03	-5.881418e-01	-1.434534e+01	-9.796260e-01	-4.174871e-02	-1.097546e+02	-2.298711e-02
6.387700015673182e-03	-5.883419e-01	-1.433797e+01	-9.695080e-01	-4.039053e-02	2.831594e+00	-2.298032e-02
6.389720238185939e-03	-5.883370e-01	-1.432904e+01	-9.577366e-01	-3.884167e-02	1.978537e+00	-2.297428e-02
6.391740460698695e-03	-5.883339e-01	-1.432034e+01	-9.465880e-01	-3.740396e-02	1.125480e+00	-2.297021e-02
6.393760683211452e-03	-5.883325e-01	-1.431185e+01	-9.360623e-01	-3.607739e-02	2.724228e-01	-2.296810e-02
6.395780905724209e-03	-5.883328e-01	-1.430358e+01	-9.261594e-01	-3.486196e-02	-5.806342e-01	-2.296795e-02
6.397801128236966e-03	-5.883348e-01	-1.429553e+01	-9.168794e-01	-3.375768e-02	-1.433691e+00	-2.296977e-02
6.399821350749723e-03	-5.883386e-01	-1.428770e+01	-9.082222e-01	-3.276453e-02	-2.286748e+00	-2.297354e-02
6.401841573262479e-03	-5.883440e-01	-1.428008e+01	-9.001878e-01	-3.188252e-02	-3.824577e+00	-2.297928e-02
6.404365797495534e-03	-5.883537e-01	-1.427068e+01	-8.905553e-01	-3.086239e-02	-4.290952e+00	-2.298789e-02
6.406893474313512e-03	-5.883657e-01	-1.426144e+01	-8.814892e-01	-2.995338e-02	-5.173320e+00	-2.299848e-02
6.409419075536379e-03	-5.883798e-01	-1.425234e+01	-8.729263e-01	-2.914568e-02	-5.952048e+00	-2.301081e-02
6.411945920699791e-03	-5.883958e-01	-1.424333e+01	-8.647764e-01	-2.842759e-02	-6.626049e+00	-2.302470e-02
6.414472018220269e-03	-5.884133e-01	-1.423438e+01	-8.569705e-01	-2.779023e-02	-7.244295e+00	-2.303997e-02
6.416998564403958e-03	-5.884324e-01	-1.422545e+01	-8.494304e-01	-2.722488e-02	-7.795884e+00	-2.305648e-02
6.419524841088660e-03	-5.884527e-01	-1.421651e+01	-8.420832e-01	-2.672421e-02	-8.253904e+00	-2.307406e-02
6.422051279561854e-03	-5.884741e-01	-1.420753e+01	-8.348488e-01	-2.628148e-02	-8.667410e+00	-2.309261e-02
6.424577620875453e-03	-5.884965e-01	-1.419848e+01	-8.276421e-01	-2.589083e-02	-9.041646e+00	-2.311201e-02
6.427104020524839e-03	-5.885198e-01	-1.418932e+01	-8.203637e-01	-2.554706e-02	-9.365638e+00	-2.313216e-02
6.429630385144425e-03	-5.885438e-01	-1.418003e+01	-8.128946e-01	-2.524562e-02	-9.646936e+00	-2.315296e-02
6.432156770797353e-03	-5.885685e-01	-1.417058e+01	-8.050814e-01	-2.498256e-02	-9.929630e+00	-2.317435e-02
6.434684850873499e-03	-5.885940e-01	-1.416098e+01	-7.967098e-01	-2.475441e-02	-1.029748e+01	-2.319624e-02
6.436837134519167e-03	-5.886167e-01	-1.415266e+01	-7.889239e-01	-2.458579e-02	-1.063991e+01	-2.321524e-02
6.438207274360416e-03	-5.886315e-01	-1.414732e+01	-7.835249e-01	-2.449008e-02	-1.094143e+01	-2.322747e-02
6.439766926127073e-03	-5.886488e-01	-1.414119e+01	-7.768185e-01	-2.439179e-02	-1.131638e+01	-2.324152e-02
6.441733772200937e-03	-5.886714e-01	-1.413344e+01	-7.672212e-01	-2.428376e-02	-1.197011e+01	-2.325940e-02
6.444142935857700e-03	-5.887012e-01	-1.412390e+01	-7.529770e-01	-2.417574e-02	-1.251258e+01	-2.328151e-02
6.447437411081505e-03	-5.887428e-01	-1.411225e+01	-7.262938e-01	-2.407405e-02	-1.090195e+01	-2.331200e-02
6.452015559521546e-03	-5.887870e-01	-1.410350e+01	-6.733324e-01	-2.401028e-02	-9.432171e+00	-2.335465e-02
6.457779130247907e-03	-5.888403e-01	-1.409654e+01	-5.977466e-01	-2.398121e-02	-9.954999e+00	-2.340854e-02
6.464207981726715e-03	-5.889084e-01	-1.408679e+01	-5.170928e-01	-2.396055e-02	-1.082617e+01	-2.346880e-02
6.472329070677819e-03	-5.889978e-01	-1.407395e+01	-4.227275e-01	-2.394266e-02	-1.096841e+01	-2.354505e-02
6.488571248580027e-03	-5.891756e-01	-1.403835e+01	-2.597324e-01	-2.393251e-02	-1.075268e+01	-2.369761e-02
6.503760086578748e-03	-5.893358e-01	-1.398410e+01	-1.410940e-01	-2.395672e-02	-1.046240e+01	-2.384009e-02
6.515794180070258e-03	-5.894604e-01	-1.391904e+01	-7.598086e-02	-2.400425e-02	-1.011330e+01	-2.395258e-02
6.525740971138895e-03	-5.895581e-01	-1.384456e+01	-4.475306e-02	-2.406570e-02	-9.827087e+00	-2.404519e-02
6.525899608621323e-03	-5.895597e-01	-1.384319e+01	-4.443445e-02	-2.406683e-02	-1.033254e+01	-2.404666e-02
6.526851433515890e-03	-5.895696e-01	-1.383501e+01	-4.250462e-02	-2.407372e-02	-1.037447e+01	-2.405548e-02
6.528120533375313e-03	-5.895828e-01	-1.382385e+01	-4.016111e-02	-2.408313e-02	-1.023405e+01	-2.406722e-02
6.528724866912778e-03	-5.895889e-01	-1.381844e+01	-3.914127e-02	-2.408770e-02	-1.024487e+01	-2.407281e-02
6.529329200450243e-03	-5.895951e-01	-1.381297e+01	-3.817189e-02	-2.409233e-02	-1.025569e+01	-2.407840e-02
6.529933533987708e-03	-5.896013e-01	-1.380746e+01	-3.725296e-02	-2.409700e-02	-1.026651e+01	-2.408399e-02
6.530537867525174e-03	-5.896075e-01	-1.380189e+01	-3.638448e-02	-2.410171e-02	-1.027733e+01	-2.408957e-02
6.531142201062639e-03	-5.896138e-01	-1.379626e+01	-3.556645e-02	-2.410648e-02	-1.028815e+01	-2.409515e-02
6.531746534600104e-03	-5.896200e-01	-1.379059e+01	-3.479888e-02	-2.411129e-02	-1.029896e+01	-2.410073e-02
6.532350868137569e-03	-5.896262e-01	-1.378485e+01	-3.408176e-02	-2.411615e-02	-9.690978e+00	-2.410630e-02
6.532408721556037e-03	-5.896268e-01	-1.378432e+01	-3.401159e-02	-2.411660e-02	-8.517590e+00	-2.410683e-02
6.532447525658665e-03	-5.896270e-01	-1.378402e+01	-3.394696e-02	-2.411681e-02	-4.962867e+00	-2.410719e-02
6.532501800014819e-03	-5.896272e-01	-1.378409e+01	-3.361816e-02	-2.411620e-02	-1.309635e+01	-2.410769e-02
6.532551777486929e-03	-5.896284e-01	-1.378514e+01	-3.257792e-02	-2.411348e-02	-1.788602e+01	-2.410815e-02
6.532610730151435e-03	-5.896292e-01	-1.378736e+01	-3.039554e-02	-2.411073e-02	-9.381587e+00	-2.410870e-02
6.532639334794791e-03	-5.896292e-01	-1.378841e+01	-2.924225e-02	-2.411028e-02	-6.387846e+00	-2.410896e-02
6.532674297221819e-03	-5.896296e-01	-1.378938e+01	-2.802227e-02	-2.411003e-02	-1.000811e+01	-2.410929e-02
6.532716013564860e-03	-5.896300e-01	-1.379015e+01	-2.687709e-02	-2.411010e-02	-9.935067e+00	-2.410967e-02
6.532775724919937e-03	-5.896306e-01	-1.379069e+01	-2.574642e-02	-2.411039e-02	-9.791599e+00	-2.411022e-02
6.532817976253367e-03	-5.896310e-01	-1.379078e+01	-2.522566e-02	-2.411072e-02	-9.889703e+00	-2.411061e-02
6.532857653636733e-03	-5.896314e-01	-1.379071e+01	-2.488098e-02	-2.411101e-02	-1.079708e+01	-2.411098e-02
6.532899920270175e-03	-5.896319e-01	-1.379052e+01	-2.462190e-02	-2.411138e-02	-1.054099e+01	-2.411137e-02
6.532945122556935e-03	-5.896323e-01	-1.379022e+01	-2.443258e-02	-2.411176e-02	-1.001796e+01	-2.411178e-02
6.532988980985684e-03	-5.896328e-01	-1.378987e+01	-2.430829e-02	-2.411216e-02	-1.013824e+01	-2.411219e-02
6.533029452212520e-03	-5.896332e-01	-1.378952e+01	-2.422986e-02	-2.411251e-02	-9.981581e+00	-2.411256e-02
6.533070528780880e-03	-5.896336e-01	-1.378913e+01	-2.417436e-02	-2.411289e-02	-1.036414e+01	-2.411294e-02
6.533172868856079e-03	-5.896347e-01	-1.378810e+01	-2.410018e-02	-2.411383e-02	-1.036399e+01	-2.411388e-02
6.533384863820190e-03	-5.896368e-01	-1.378585e+01	-2.406074e-02	-2.411577e-02	-1.022964e+01	-2.411584e-02
6.546128104557532e-03	-5.897661e-01	-1.364881e+01	-2.415896e-02	-2.423258e-02	-1.006590e+01	-2.423250e-02
6.558871345294873e-03	-5.898934e-01	-1.351315e+01	-2.426005e-02	-2.434800e-02	-9.902158e+00	-2.434778e-02
6.571614586032216e-03	-5.900185e-01	-1.337888e+01	-2.436403e-02	-2.446202e-02	-9.738415e+00	-2.446168e-02
6.584357826769558e-03	-5.901416e-01	-1.324599e+01	-2.447088e-02	-2.457465e-02	-9.574671e+00	-2.457419e-02
6.597101067506900e-03	-5.902625e-01	-1.311449e+01	-2.458061e-02	-2.468588e-02	-9.410928e+00	-2.468531e-02
6.609844308244242e-03	-5.903814e-01	-1.298436e+01	-2.469321e-02	-2.479573e-02	-9.247185e+00	-2.479505e-02
6.622587548981584e-03	-5.904982e-01	-1.285562e+01	-2.480870e-02	-2.490418e-02	-8.913750e+00	-2.490340e-02
6.734016120410156e-03	-5.914244e-01	-1.180216e+01	-2.571287e-02	-2.579985e-02	-7.710427e+00	-2.579901e-02
6.845444691838728e-03	-5.922165e-01	-1.082392e+01	-2.649161e-02	-2.657069e-02	-6.507104e+00	-2.656981e-02
6.956873263267299e-03	-5.928746e-01	-9.920906e+00	-2.714492e-02	-2.721672e-02	-5.303780e+00	-2.721579e-02
7.068301834695871e-03	-5.933985e-01	-9.093117e+00	-2.767280e-02	-2.773793e-02	-4.100457e+00	-2.773697e-02
7.179730406124443e-03	-5.937884e-01	-8.340552e+00	-2.807526e-02	-2.813432e-02	-2.897134e+00	-2.813333e-02
7.291158977553015e-03	-5.940442e-01	-7.663212e+00	-2.835228e-02	-2.840589e-02	-1.693810e+00	-2.840488e-02
7.402587548981586e-03	-5.941659e-01	-7.061097e+00	-2.850387e-02	-2.855264e-02	-7.302047e-01	-2.855162e-02
7.514016120410156e-03	-5.941802e-01	-6.506081e+00	-2.851090e-02	-2.855521e-02	4.736236e-01	-2.855417e-02
7.625444691838726e-03	-5.940603e-01	-5.990702e+00	-2.838579e-02	-2.842596e-02	1.677452e+00	-2.842492e-02
7.736873263267294e-03	-5.938063e-01	-5.514958e+00	-2.812854e-02	-2.816490e-02	2.881280e+00	-2.816386e-02
7.848301834695863e-03	-5.934182e-01	-5.078850e+00	-2.773916e-02	-2.777203e-02	4.085108e+00	-2.777100e-02
7.959730406124433e-03	-5.928959e-01	-4.682379e+00	-2.721765e-02	-2.724734e-02	5.288937e+00	-2.724633e-02
8.071158977553002e-03	-5.922395e-01	-4.325543e+00	-2.656400e-02	-2.659085e-02	6.492765e+00	-2.658985e-02
8.182587548981572e-03	-5.914490e-01	-4.008343e+00	-2.577821e-02	-2.580254e-02	7.078644e+00	-2.580157e-02
8.294016120410138e-03	-5.905482e-01	-3.715935e+00	-2.485937e-02	-2.488137e-02	9.088535e+00	-2.488043e-02
8.405444691838706e-03	-5.894235e-01	-3.444341e+00	-2.383475e-02	-2.385460e-02	1.109843e+01	-2.385370e-02
8.516873263267272e-03	-5.880749e-01	-3.193559e+00	-2.270436e-02	-2.272223e-02	1.310832e+01	-2.272137e-02
8.628301834695840e-03	-5.865023e-01	-2.963591e+00	-2.146820e-02	-2.148425e-02	1.511821e+01	-2.148343e-02
8.739730406124406e-03	-5.847057e-01	-2.754435e+00	-2.012626e-02	-2.014067e-02	1.712810e+01	-2.013990e-02
8.851158977552974e-03	-5.826851e-01	-2.566093e+00	-1.867855e-02	-1.869149e-02	1.913799e+01	-1.869077e-02
8.962587548981540e-03	-5.804406e-01	-2.398564e+00	-1.712507e-02	-1.713670e-02	1.305745e+01	-1.713604e-02
9.066493798981536e-03	-5.786291e-01	-2.253966e+00	-1.559679e-02	-1.560729e-02	2.181025e+01	-1.560673e-02
9.170400048981533e-03	-5.759082e-01	-2.118817e+00	-1.402093e-02	-1.403038e-02	3.056305e+01	-1.402990e-02
9.274306298981528e-03	-5.722778e-01	-1.993118e+00	-1.239749e-02	-1.240598e-02	3.931585e+01	-1.240557e-02
9.378212548981524e-03	-5.677379e-01	-1.876867e+00	-1.072646e-02	-1.073408e-02	4.806865e+01	-1.073373e-02
9.482118798981521e-03	-5.622885e-01	-1.770067e+00	-9.007857e-03	-9.014675e-03	5.682145e+01	-9.014390e-03
9.586025048981517e-03	-5.559297e-01	-1.672715e+00	-7.241669e-03	-7.247777e-03	6.557425e+01	-7.247541e-03
9.689931298981512e-03	-5.486614e-01	-1.584813e+00	-5.427900e-03	-5.433381e-03	9.189722e+01	-5.433185e-03
9.718625120487287e-03	-5.460245e-01	-1.561133e+00	-4.927356e-03	-4.932675e-03	1.798303e+01	-4.932646e-03
9.719005478502577e-03	-5.481385e-01	-1.560824e+00	-4.920586e-03	-4.925897e-03	-4.688023e+04	-4.925393e-03
9.719391268478140e-03	-5.819417e-01	-1.560518e+00	-4.911772e-03	-4.916971e-03	-2.483679e+05	-4.909109e-03
9.719771789079699e-03	-7.384654e-01	-1.560265e+00	-4.873400e-03	-4.876916e-03	-7.180479e+05	-4.858324e-03
9.719932526860077e-03	-9.705911e-01	-1.560231e+00	-4.807318e-03	-4.807103e-03	-2.265111e+06	-4.790082e-03
9.720050650172885e-03	-1.370117e+00	-1.560296e+00	-4.702777e-03	-4.696748e-03	-4.866270e+06	-4.675397e-03
9.720164708298496e-03	-2.100449e+00	-1.560501e+00	-4.522064e-03	-4.506296e-03	-8.708889e+06	-4.467533e-03
9.720310653081132e-03	-3.634453e+00	-1.561070e+00	-4.122230e-03	-4.085987e-03	-1.270976e+07	-4.032579e-03
9.720449958012641e-03	-5.725904e+00	-1.562023e+00	-3.539908e-03	-3.476232e-03	-1.654836e+07	-3.440629e-03
9.720602283105452e-03	-8.460452e+00	-1.563519e+00	-2.756120e-03	-2.660762e-03	-1.767051e+07	-2.667204e-03
9.720752392764648e-03	-1.107008e+01	-1.565308e+00	-2.001653e-03	-1.883172e-03	-1.545112e+07	-1.929058e-03
9.720920833817842e-03	-1.338242e+01	-1.567485e+00	-1.337116e-03	-1.205908e-03	-1.131049e+07	-1.274432e-03
9.721123046710474e-03	-1.526236e+01	-1.570123e+00	-8.298563e-04	-6.950030e-04	-7.752617e+06	-7.411390e-04
9.721279149963560e-03	-1.616030e+01	-1.572158e+00	-5.994492e-04	-4.645701e-04	-4.679932e+06	-4.854360e-04
9.721427214775764e-03	-1.668584e+01	-1.574095e+00	-4.623750e-04	-3.278357e-04	-3.149644e+06	-3.348517e-04
9.721509476420562e-03	-1.688575e+01	-1.575173e+00	-4.085512e-04	-2.741129e-04	-2.068205e+06	-2.771795e-04
9.721605465757727e-03	-1.705450e+01	-1.576435e+00	-3.595434e-04	-2.251615e-04	-1.548859e+06	-2.280710e-04
9.721703976752641e-03	-1.718700e+01	-1.577729e+00	-3.213018e-04	-1.869849e-04	-1.183624e+06	-1.890717e-04
9.721803581463693e-03	-1.728900e+01	-1.579038e+00	-2.914961e-04	-1.571813e-04	-9.038513e+05	-1.586536e-04
9.721898588366055e-03	-1.736290e+01	-1.580287e+00	-2.693488e-04	-1.350316e-04	-6.743804e+05	-1.362639e-04
9.722013651909226e-03	-1.743067e+01	-1.581800e+00	-2.485918e-04	-1.142497e-04	-5.178045e+05	-1.152772e-04
9.722122100557624e-03	-1.747864e+01	-1.583227e+00	-2.335381e-04	-9.917663e-05	-3.795050e+05	-9.997810e-05
9.722249959399621e-03	-1.752035e+01	-1.584909e+00	-2.198758e-04	-8.548424e-05	-2.827995e+05	-8.612756e-05
9.722372494191531e-03	-1.754945e+01	-1.586521e+00	-2.098141e-04	-7.540816e-05	-1.994096e+05	-7.591699e-05
9.722519798427134e-03	-1.757415e+01	-1.588459e+00	-2.005492e-04	-6.612835e-05	-1.414152e+05	-6.654162e-05
9.722663589600727e-03	-1.759062e+01	-1.590351e+00	-1.936503e-04	-5.923447e-05	-9.185149e+04	-5.954736e-05
9.722833314058685e-03	-1.760295e+01	-1.592583e+00	-1.874512e-04	-5.304782e-05	-5.685889e+04	-5.329182e-05
9.723003192019958e-03	-1.760993e+01	-1.594818e+00	-1.827395e-04	-4.836981e-05	-2.779895e+04	-4.854472e-05
9.723200842843897e-03	-1.761317e+01	-1.597416e+00	-1.785888e-04	-4.426515e-05	-6.951371e+03	-4.439478e-05
9.723405939425745e-03	-1.761273e+01	-1.600111e+00	-1.753367e-04	-4.108141e-05	9.802324e+03	-4.116234e-05
9.723637857607683e-03	-1.760888e+01	-1.603157e+00	-1.725707e-04	-3.839820e-05	2.218846e+04	-3.844784e-05
9.723889254159164e-03	-1.760200e+01	-1.606456e+00	-1.703196e-04	-3.625558e-05	3.172661e+04	-3.627202e-05
9.724165694325085e-03	-1.759214e+01	-1.610080e+00	-1.684723e-04	-3.453134e-05	3.898918e+04	-3.452586e-05
9.724479441935547e-03	-1.757899e+01	-1.614189e+00	-1.669077e-04	-3.312272e-05	4.430650e+04	-3.309434e-05
9.724815634548696e-03	-1.756334e+01	-1.618586e+00	-1.656658e-04	-3.204983e-05	4.835034e+04	-3.200012e-05
9.725188134306598e-03	-1.754472e+01	-1.623451e+00	-1.646278e-04	-3.121219e-05	5.124075e+04	-3.114716e-05
9.725587802952344e-03	-1.752378e+01	-1.628662e+00	-1.637927e-04	-3.059181e-05	5.389454e+04	-3.050411e-05
9.726356523089836e-03	-1.748175e+01	-1.638661e+00	-1.626414e-04	-2.986846e-05	5.585338e+04	-2.975578e-05
9.727628639067601e-03	-1.740979e+01	-1.655132e+00	-1.613559e-04	-2.930709e-05	5.764075e+04	-2.919643e-05
9.729366536287174e-03	-1.730955e+01	-1.677483e+00	-1.601134e-04	-2.906081e-05	5.771817e+04	-2.894287e-05
9.731104433506747e-03	-1.720917e+01	-1.699660e+00	-1.588884e-04	-2.883172e-05	5.779558e+04	-2.870823e-05
9.732842330726320e-03	-1.710866e+01	-1.721663e+00	-1.576810e-04	-2.861980e-05	5.787300e+04	-2.849253e-05
9.734580227945894e-03	-1.700802e+01	-1.743492e+00	-1.564911e-04	-2.842506e-05	5.795042e+04	-2.829575e-05
9.736318125165467e-03	-1.690724e+01	-1.765147e+00	-1.553187e-04	-2.824750e-05	5.802784e+04	-2.811790e-05
9.738056022385040e-03	-1.680632e+01	-1.786628e+00	-1.541639e-04	-2.808712e-05	5.810525e+04	-2.795897e-05
9.739793919604613e-03	-1.670528e+01	-1.807935e+00	-1.530265e-04	-2.794392e-05	5.821208e+04	-2.781898e-05
9.771910935848655e-03	-1.482550e+01	-2.168256e+00	-1.316409e-04	-2.479603e-05	5.884584e+04	-2.468862e-05
9.804027952092698e-03	-1.292537e+01	-2.472167e+00	-1.104959e-04	-2.161441e-05	5.947960e+04	-2.152437e-05
9.836144968336740e-03	-1.100488e+01	-2.719667e+00	-8.959145e-05	-1.839906e-05	6.011336e+04	-1.832622e-05
9.868261984580783e-03	-9.064046e+00	-2.910758e+00	-6.892768e-05	-1.514998e-05	6.074713e+04	-1.509418e-05
9.900379000824825e-03	-7.102852e+00	-3.045439e+00	-4.850455e-05	-1.186717e-05	6.138089e+04	-1.182824e-05
9.932496017068868e-03	-5.121304e+00	-3.123710e+00	-2.832204e-05	-8.550632e-06	6.201465e+04	-8.528408e-06
9.964613033312910e-03	-3.119401e+00	-3.145571e+00	-8.380167e-06	-5.200362e-06	6.259546e+04	-5.194679e-06
9.984613033312910e-03	-1.867492e+00	-3.136131e+00	3.896997e-06	-3.104828e-06	6.268743e+04	-3.109898e-06
1.000000000000000e-02	-9.010831e-01	-3.118036e+00	1.327124e-05	-1.485696e-06	6.280697e+04	-1.500546e-06
