time	V(A1,L)	V(D,G)	V(g)	V(l)	d(V(A1,L))	Ix(U1:A)
0.000000000000000e+00	-5.644215e-22	-2.091628e-21	1.139145e-22	1.128617e-25	3.529668e+01	-9.399204e-28
3.477422835108350e-07	1.381675e-04	-1.426438e-07	7.881022e-10	2.233699e-10	7.593579e+02	2.300926e-10
6.954845670216700e-07	5.281217e-04	-2.762103e-08	3.993711e-09	8.591932e-10	1.483419e+03	8.794808e-10
1.043226850532505e-06	1.169863e-03	3.450684e-07	9.616825e-09	1.907470e-09	2.207480e+03	1.948165e-09
1.390969134043340e-06	2.063390e-03	9.754245e-07	1.765745e-08	3.368200e-09	2.931542e+03	3.436144e-09
1.738711417554175e-06	3.208705e-03	1.863447e-06	2.811557e-08	5.241384e-09	3.655603e+03	5.343419e-09
2.086453701065010e-06	4.605806e-03	3.009136e-06	4.099121e-08	7.527022e-09	4.379664e+03	7.669990e-09
2.434195984575845e-06	6.254694e-03	4.412492e-06	5.628435e-08	1.022511e-08	5.664988e+03	1.041586e-08
3.036078576194447e-06	9.664351e-03	8.523680e-06	8.820706e-08	1.580247e-08	6.416940e+03	1.609390e-08
3.806047214450856e-06	1.505778e-02	1.669017e-05	1.390558e-07	2.462640e-08	7.911277e+03	2.507549e-08
4.760016531782047e-06	2.330290e-02	3.240738e-05	2.172569e-07	3.812211e-08	9.761080e+03	3.880594e-08
5.975899315061511e-06	3.623788e-02	6.350290e-05	3.405472e-07	5.930251e-08	1.198069e+04	6.034633e-08
7.499102701870586e-06	5.611905e-02	1.239793e-04	5.308946e-07	9.187806e-08	1.467809e+04	9.345407e-08
9.444090398068342e-06	8.714431e-02	2.438011e-04	8.291214e-07	1.427478e-07	1.787738e+04	1.451199e-07
1.190961564241579e-05	1.349674e-01	4.794734e-04	1.290619e-06	2.212354e-07	2.167195e+04	2.247589e-07
1.508264295499989e-05	2.093428e-01	9.498991e-04	2.011142e-06	3.434360e-07	2.606381e+04	3.486147e-07
1.916906928136187e-05	3.241765e-01	1.889533e-03	3.128375e-06	5.323926e-07	3.107934e+04	5.398451e-07
2.451257795268721e-05	5.024189e-01	3.795185e-03	4.870767e-06	8.262015e-07	3.662564e+04	8.366689e-07
3.157015779095166e-05	7.783743e-01	7.701281e-03	7.583728e-06	1.282095e-06	4.255782e+04	1.296212e-06
4.109329117036833e-05	1.208058e+00	1.589320e-02	1.183706e-05	1.993853e-06	4.856749e+04	2.011756e-06
5.425285619746933e-05	1.880016e+00	3.355143e-02	1.854244e-05	3.110456e-06	5.405349e+04	3.130755e-06
7.317072696534028e-05	2.941955e+00	7.151701e-02	2.926282e-05	4.890976e-06	5.804128e+04	4.899182e-06
9.317072696534028e-05	4.138859e+00	1.281570e-01	4.127175e-05	6.908126e-06	6.104872e+04	6.892364e-06
1.131707269653403e-04	5.383904e+00	2.034813e-01	5.336391e-05	8.999890e-06	6.292925e+04	8.965713e-06
1.331707269653403e-04	6.656029e+00	2.980439e-01	6.533877e-05	1.113244e-05	6.399606e+04	1.108416e-05
1.531707269653403e-04	7.943747e+00	4.118786e-01	7.722434e-05	1.328877e-05	6.462878e+04	1.322857e-05
1.731707269653403e-04	9.241180e+00	5.448780e-01	8.903147e-05	1.546014e-05	6.503769e+04	1.538916e-05
1.931707269653403e-04	1.054525e+01	6.968633e-01	1.007486e-04	1.764196e-05	6.532801e+04	1.756081e-05
2.131707269653403e-04	1.185430e+01	8.676203e-01	1.123626e-04	1.983168e-05	6.555234e+04	1.974074e-05
2.331707269653403e-04	1.316735e+01	1.056917e+00	1.238659e-04	2.202783e-05	6.573692e+04	2.192733e-05
2.531707269653403e-04	1.448378e+01	1.264511e+00	1.352537e-04	2.422941e-05	6.589499e+04	2.411956e-05
2.731707269653403e-04	1.580315e+01	1.490157e+00	1.465234e-04	2.643574e-05	6.603309e+04	2.631668e-05
2.931707269653403e-04	1.712510e+01	1.733607e+00	1.576727e-04	2.864623e-05	6.615449e+04	2.851810e-05
3.131707269653403e-04	1.844933e+01	1.994610e+00	1.687006e-04	3.086037e-05	6.626089e+04	3.072331e-05
3.331707269653403e-04	1.977554e+01	2.272916e+00	1.796057e-04	3.307769e-05	6.635311e+04	3.293182e-05
3.531707269653403e-04	2.110345e+01	2.568273e+00	1.903875e-04	3.529771e-05	6.643160e+04	3.514318e-05
3.731707269653403e-04	2.243280e+01	2.880429e+00	2.010447e-04	3.752000e-05	6.649655e+04	3.735691e-05
3.931707269653403e-04	2.376331e+01	3.209133e+00	2.115770e-04	3.974409e-05	6.656613e+04	3.957259e-05
4.331707269653403e-04	2.642677e+01	3.915174e+00	2.322638e-04	4.419595e-05	6.660474e+04	4.400799e-05
4.731707269653403e-04	2.909169e+01	4.684375e+00	2.524429e-04	4.864974e-05	6.661511e+04	4.844584e-05
5.131707269653402e-04	3.175598e+01	5.514712e+00	2.721099e-04	5.310196e-05	6.654925e+04	5.288263e-05
5.731707269653404e-04	3.574662e+01	6.870415e+00	3.006411e-04	5.976968e-05	6.640073e+04	5.952816e-05
6.331707269653405e-04	3.972407e+01	8.352265e+00	3.279978e-04	6.641428e-05	6.612283e+04	6.615173e-05
6.931707269653407e-04	4.368136e+01	9.953410e+00	3.541675e-04	7.302416e-05	6.576928e+04	7.274174e-05
7.085278698224836e-04	4.469034e+01	1.038213e+01	3.606646e-04	7.470948e-05	6.563304e+04	7.442197e-05
7.238850126796265e-04	4.569723e+01	1.081761e+01	3.670880e-04	7.639110e-05	6.549679e+04	7.609872e-05
7.392421555367694e-04	4.670203e+01	1.125986e+01	3.734377e-04	7.806904e-05	6.536055e+04	7.777199e-05
7.545992983939123e-04	4.770473e+01	1.170886e+01	3.797139e-04	7.974328e-05	6.522430e+04	7.944178e-05
7.699564412510553e-04	4.870535e+01	1.216463e+01	3.859163e-04	8.141383e-05	6.508806e+04	8.110808e-05
7.853135841081982e-04	4.970387e+01	1.262716e+01	3.920452e-04	8.308068e-05	6.495182e+04	8.277090e-05
8.006707269653410e-04	5.070029e+01	1.309644e+01	3.981004e-04	8.474385e-05	6.469525e+04	8.443023e-05
8.106707269653410e-04	5.134725e+01	1.340633e+01	4.133143e-04	8.583577e-05	6.463991e+04	8.550759e-05
8.203476893480034e-04	5.197221e+01	1.370881e+01	4.401824e-04	8.690259e-05	6.440423e+04	8.654833e-05
8.503508574143300e-04	5.390281e+01	1.466270e+01	5.377006e-04	9.021272e-05	6.397079e+04	8.976334e-05
9.103508574143302e-04	5.772978e+01	1.663860e+01	7.499696e-04	9.679222e-05	6.375672e+04	9.613630e-05
9.674937145571874e-04	6.134035e+01	1.861590e+01	9.643795e-04	1.030135e-04	6.261294e+04	1.021489e-04
1.024636571700045e-03	6.488555e+01	2.065204e+01	1.183937e-03	1.091311e-04	6.146917e+04	1.080527e-04
1.081779428842902e-03	6.836539e+01	2.274702e+01	1.408643e-03	1.151449e-04	6.032539e+04	1.138476e-04
1.138922285985759e-03	7.177988e+01	2.490083e+01	1.638496e-03	1.210550e-04	5.918162e+04	1.195337e-04
1.196065143128617e-03	7.512901e+01	2.711348e+01	1.873497e-03	1.268614e-04	5.803784e+04	1.251109e-04
1.253208000271474e-03	7.841278e+01	2.938497e+01	2.113646e-03	1.325641e-04	5.689407e+04	1.305793e-04
1.310350857414331e-03	8.163119e+01	3.171529e+01	2.358943e-03	1.381631e-04	5.531171e+04	1.359389e-04
1.324687885694805e-03	8.242419e+01	3.230186e+01	2.445006e-03	1.395659e-04	5.529012e+04	1.372594e-04
1.326050458277357e-03	8.249922e+01	3.235774e+01	2.475829e-03	1.397228e-04	5.497524e+04	1.373844e-04
1.328775603442460e-03	8.264892e+01	3.246954e+01	2.619663e-03	1.401215e-04	5.490679e+04	1.376337e-04
1.330915698435635e-03	8.276635e+01	3.255716e+01	2.907063e-03	1.406143e-04	5.483812e+04	1.378292e-04
1.333305928934560e-03	8.289735e+01	3.265461e+01	3.597683e-03	1.415428e-04	5.476466e+04	1.380474e-04
1.335996925921056e-03	8.304463e+01	3.276334e+01	5.205349e-03	1.434348e-04	5.473378e+04	1.382926e-04
1.336540721611107e-03	8.307438e+01	3.278520e+01	5.650625e-03	1.439402e-04	5.470496e+04	1.383422e-04
1.337084517301159e-03	8.310412e+01	3.280694e+01	6.192270e-03	1.445439e-04	5.467615e+04	1.383917e-04
1.337628312991210e-03	8.313385e+01	3.282855e+01	6.830285e-03	1.452461e-04	5.464734e+04	1.384412e-04
1.338172108681261e-03	8.316356e+01	3.285004e+01	7.564670e-03	1.460466e-04	5.461852e+04	1.384907e-04
1.338715904371312e-03	8.319325e+01	3.287141e+01	8.395424e-03	1.469454e-04	5.458971e+04	1.385401e-04
1.339259700061363e-03	8.322293e+01	3.289265e+01	9.322548e-03	1.479427e-04	5.456090e+04	1.385896e-04
1.339803495751415e-03	8.325259e+01	3.291378e+01	1.034604e-02	1.490384e-04	5.482121e+04	1.386390e-04
1.339829658283513e-03	8.325402e+01	3.291477e+01	1.040015e-02	1.491030e-04	5.464663e+04	1.386413e-04
1.339845654599147e-03	8.325489e+01	3.291534e+01	1.044454e-02	1.492764e-04	5.446770e+04	1.386428e-04
1.339863823346735e-03	8.325589e+01	3.291579e+01	1.054438e-02	1.497830e-04	5.437131e+04	1.386444e-04
1.339900160841911e-03	8.325786e+01	3.291533e+01	1.135945e-02	1.535349e-04	5.426486e+04	1.386477e-04
1.339922367367759e-03	8.325906e+01	3.291266e+01	1.296350e-02	1.619869e-04	5.383484e+04	1.386497e-04
1.339937722208447e-03	8.325988e+01	3.290753e+01	1.551305e-02	1.761024e-04	5.282000e+04	1.386511e-04
1.339950984127227e-03	8.326057e+01	3.289841e+01	1.976772e-02	1.992167e-04	5.128064e+04	1.386522e-04
1.339964158445894e-03	8.326124e+01	3.288175e+01	2.743995e-02	2.395026e-04	4.897636e+04	1.386533e-04
1.339977543775628e-03	8.326187e+01	3.285168e+01	4.129048e-02	3.098598e-04	4.482941e+04	1.386544e-04
1.339991719052960e-03	8.326247e+01	3.279602e+01	6.737126e-02	4.383029e-04	3.809265e+04	1.386554e-04
1.340005209072115e-03	8.326293e+01	3.270551e+01	1.102887e-01	6.445653e-04	2.715304e+04	1.386561e-04
1.340019056051949e-03	8.326321e+01	3.255106e+01	1.846056e-01	9.930175e-04	1.014868e+04	1.386566e-04
1.340032512575542e-03	8.326321e+01	3.230921e+01	3.023938e-01	1.534768e-03	-1.621241e+04	1.386565e-04
1.340046129441882e-03	8.326277e+01	3.193012e+01	4.875984e-01	2.385617e-03	-5.254796e+04	1.386557e-04
1.340059331227247e-03	8.326180e+01	3.140845e+01	7.378519e-01	3.630679e-03	-9.252776e+04	1.386541e-04
1.340065369677666e-03	8.326099e+01	3.114855e+01	8.218494e-01	4.478678e-03	-1.559383e+05	1.386529e-04
1.340071965672180e-03	8.325983e+01	3.088737e+01	8.432121e-01	5.600872e-03	-1.864070e+05	1.386510e-04
1.340077419433372e-03	8.325875e+01	3.065862e+01	8.514389e-01	6.579878e-03	-2.197707e+05	1.386491e-04
1.340083311899016e-03	8.325733e+01	3.036719e+01	8.650473e-01	7.789265e-03	-2.883883e+05	1.386467e-04
1.340094793991887e-03	8.325374e+01	2.967552e+01	8.907112e-01	1.066734e-02	-3.731486e+05	1.386405e-04
1.340110246142223e-03	8.324728e+01	2.855566e+01	9.315638e-01	1.563485e-02	-4.288968e+05	1.386298e-04
1.340118267897082e-03	8.324367e+01	2.788207e+01	9.545121e-01	1.870581e-02	-4.751291e+05	1.386232e-04
1.340123045336677e-03	8.324120e+01	2.743394e+01	9.691737e-01	2.067089e-02	-7.117786e+05	1.386185e-04
1.340134817492669e-03	8.323189e+01	2.625779e+01	1.006293e+00	2.587730e-02	-1.293554e+06	1.386800e-04
1.340139273442238e-03	8.322021e+01	2.578750e+01	1.020678e+00	2.794518e-02	-3.688458e+06	1.393978e-04
1.340141946761427e-03	8.320559e+01	2.550110e+01	1.029363e+00	2.920120e-02	-7.523289e+06	1.404219e-04
1.340147293399807e-03	8.315987e+01	2.492390e+01	1.046793e+00	3.174782e-02	-1.320061e+07	1.438126e-04
1.340157986676566e-03	8.299386e+01	2.378979e+01	1.081129e+00	3.683637e-02	-2.429932e+07	1.567013e-04
1.340179373230084e-03	8.238035e+01	2.167788e+01	1.144500e+00	4.644191e-02	-4.077786e+07	2.055031e-04
1.340200759886008e-03	8.124966e+01	1.986163e+01	1.196638e+00	5.451972e-02	-7.292990e+07	2.967403e-04
1.340219649388584e-03	7.944302e+01	1.858198e+01	1.232224e+00	6.015594e-02	-1.302885e+08	4.436330e-04
1.340236946710334e-03	7.653493e+01	1.768317e+01	1.257255e+00	6.424446e-02	-2.153327e+08	6.810185e-04
1.340255525631439e-03	7.171769e+01	1.693037e+01	1.277660e+00	6.777893e-02	-2.972405e+08	1.074959e-03
1.340264244366505e-03	6.842096e+01	1.664841e+01	1.285421e+00	6.922773e-02	-4.500257e+08	1.344832e-03
1.340276315029715e-03	6.236193e+01	1.632872e+01	1.294640e+00	7.109045e-02	-5.517677e+08	1.841103e-03
1.340285742909124e-03	5.655876e+01	1.611679e+01	1.300823e+00	7.246620e-02	-6.743070e+08	2.316589e-03
1.340297301192296e-03	4.821081e+01	1.590344e+01	1.307391e+00	7.407813e-02	-7.408516e+08	3.000815e-03
1.340315743697070e-03	3.433263e+01	1.563094e+01	1.315954e+00	7.643369e-02	-7.019495e+08	4.138722e-03
1.340336128638107e-03	2.095590e+01	1.539816e+01	1.323077e+00	7.853061e-02	-5.535140e+08	5.236073e-03
1.340356517204422e-03	1.176392e+01	1.522536e+01	1.328180e+00	7.997617e-02	-3.403720e+08	5.990898e-03
1.340382095623390e-03	5.310028e+00	1.506390e+01	1.332501e+00	8.106170e-02	-2.013059e+08	6.522066e-03
1.340400856368548e-03	2.838187e+00	1.497258e+01	1.334678e+00	8.154397e-02	-1.050651e+08	6.726430e-03
1.340414519573397e-03	1.903402e+00	1.491973e+01	1.335891e+00	8.179460e-02	-5.365164e+07	6.804387e-03
1.340428452071690e-03	1.357632e+00	1.487513e+01	1.336884e+00	8.198882e-02	-2.966427e+07	6.850508e-03
1.340446022344958e-03	9.688953e-01	1.482825e+01	1.337851e+00	8.216905e-02	-1.661221e+07	6.884139e-03
1.340465841751376e-03	7.365067e-01	1.478413e+01	1.338652e+00	8.231095e-02	-9.172858e+06	6.905191e-03
1.340480638910351e-03	6.513625e-01	1.475679e+01	1.339090e+00	8.238662e-02	-3.975984e+06	6.913663e-03
1.340500204048435e-03	5.998828e-01	1.472687e+01	1.339514e+00	8.245833e-02	-1.892266e+06	6.919861e-03
1.340521280403134e-03	5.744580e-01	1.470036e+01	1.339797e+00	8.250646e-02	-7.967205e+05	6.924099e-03
1.340548048046418e-03	5.617645e-01	1.467346e+01	1.339976e+00	8.253742e-02	-3.078330e+05	6.927879e-03
1.340579864627635e-03	5.564238e-01	1.464897e+01	1.339980e+00	8.254132e-02	-2.978529e+04	6.931560e-03
1.340829767088489e-03	5.533734e-01	1.457535e+01	1.336705e+00	8.204395e-02	4.562832e+02	6.957334e-03
1.343010492382136e-03	5.543580e-01	1.454676e+01	1.293482e+00	7.542784e-02	4.467346e+02	7.185833e-03
1.345191217675783e-03	5.553218e-01	1.452074e+01	1.253228e+00	6.931225e-02	4.371861e+02	7.416958e-03
1.347371942969430e-03	5.562648e-01	1.449731e+01	1.215941e+00	6.369718e-02	4.276376e+02	7.650706e-03
1.349552668263076e-03	5.571869e-01	1.447644e+01	1.181623e+00	5.858261e-02	4.180891e+02	7.887080e-03
1.351733393556723e-03	5.580882e-01	1.445816e+01	1.150272e+00	5.396857e-02	4.085406e+02	8.126077e-03
1.353914118850370e-03	5.589687e-01	1.444245e+01	1.121890e+00	4.985504e-02	3.989920e+02	8.367700e-03
1.356094844144017e-03	5.598284e-01	1.442932e+01	1.096476e+00	4.624203e-02	3.950052e+02	8.611946e-03
1.357483293457432e-03	5.603769e-01	1.442047e+01	1.081166e+00	4.408813e-02	3.946572e+02	8.766998e-03
1.359569481131055e-03	5.611997e-01	1.440794e+01	1.059688e+00	4.110885e-02	3.617443e+02	8.999950e-03
1.362669895347817e-03	5.622531e-01	1.438940e+01	1.030829e+00	3.719725e-02	4.972209e+02	9.345788e-03
1.364621147165532e-03	5.632020e-01	1.437869e+01	1.014675e+00	3.507163e-02	4.754334e+02	9.563211e-03
1.366572398983247e-03	5.641085e-01	1.436837e+01	9.994506e-01	3.310354e-02	4.536459e+02	9.779212e-03
1.368523650800962e-03	5.649724e-01	1.435844e+01	9.851558e-01	3.129299e-02	4.318584e+02	9.993791e-03
1.370474902618677e-03	5.657938e-01	1.434890e+01	9.717904e-01	2.963998e-02	4.100710e+02	1.020695e-02
1.372426154436392e-03	5.665727e-01	1.433976e+01	9.593546e-01	2.814450e-02	3.882835e+02	1.041868e-02
1.374377406254107e-03	5.673091e-01	1.433100e+01	9.478483e-01	2.680656e-02	3.664960e+02	1.062899e-02
1.376328658071822e-03	5.680030e-01	1.432264e+01	9.372715e-01	2.562617e-02	2.634987e+02	1.083788e-02
1.378852028027389e-03	5.686679e-01	1.431202e+01	9.243771e-01	2.423456e-02	2.586946e+02	1.110477e-02
1.381390240230818e-03	5.693124e-01	1.430171e+01	9.124238e-01	2.300987e-02	2.492168e+02	1.136976e-02
1.383909695095063e-03	5.699283e-01	1.429179e+01	9.014482e-01	2.194891e-02	2.399577e+02	1.162918e-02
1.386440194724947e-03	5.705241e-01	1.428209e+01	8.912078e-01	2.102139e-02	2.311206e+02	1.188596e-02
1.388964153769004e-03	5.710965e-01	1.427264e+01	8.816767e-01	2.021900e-02	2.226153e+02	1.213819e-02
1.391491991468127e-03	5.716487e-01	1.426335e+01	8.727232e-01	1.952473e-02	2.144930e+02	1.238680e-02
1.394017496993182e-03	5.721804e-01	1.425421e+01	8.642853e-01	1.892833e-02	2.067188e+02	1.263112e-02
1.396544399914482e-03	5.726932e-01	1.424517e+01	8.562704e-01	1.841813e-02	1.992601e+02	1.287145e-02
1.399070462862308e-03	5.731873e-01	1.423620e+01	8.486096e-01	1.798507e-02	1.921201e+02	1.310755e-02
1.401597029844556e-03	5.736639e-01	1.422725e+01	8.412241e-01	1.762039e-02	1.853071e+02	1.333950e-02
1.404123294054678e-03	5.741236e-01	1.421830e+01	8.340414e-01	1.731667e-02	1.787788e+02	1.356724e-02
1.406649740023415e-03	5.745672e-01	1.420932e+01	8.269820e-01	1.706713e-02	1.725308e+02	1.379080e-02
1.409176076838089e-03	5.749954e-01	1.420026e+01	8.199621e-01	1.686589e-02	1.665544e+02	1.401019e-02
1.411702479189551e-03	5.754088e-01	1.419110e+01	8.128850e-01	1.670772e-02	1.608504e+02	1.422542e-02
1.414228842186892e-03	5.758081e-01	1.418182e+01	8.056357e-01	1.658805e-02	1.553806e+02	1.443652e-02
1.416755228813996e-03	5.761939e-01	1.417238e+01	7.980675e-01	1.650293e-02	1.501375e+02	1.464354e-02
1.419281601252155e-03	5.765667e-01	1.416279e+01	7.899830e-01	1.644903e-02	1.457403e+02	1.484650e-02
1.421234692007218e-03	5.768467e-01	1.415525e+01	7.832047e-01	1.642700e-02	1.422517e+02	1.500058e-02
1.422435555308215e-03	5.770154e-01	1.415057e+01	7.787234e-01	1.642148e-02	1.391623e+02	1.509412e-02
1.423862187939557e-03	5.772123e-01	1.414497e+01	7.729973e-01	1.642256e-02	1.366253e+02	1.520406e-02
1.425539720444813e-03	5.774395e-01	1.413835e+01	7.655436e-01	1.643422e-02	1.337221e+02	1.533168e-02
1.427633343791163e-03	5.777166e-01	1.413007e+01	7.547458e-01	1.646437e-02	1.304798e+02	1.548847e-02
1.430286246479693e-03	5.780588e-01	1.411964e+01	7.375465e-01	1.652806e-02	1.252710e+02	1.568311e-02
1.433924444982471e-03	5.785047e-01	1.410847e+01	7.037421e-01	1.666536e-02	1.169954e+02	1.594266e-02
1.439225483403719e-03	5.791046e-01	1.410086e+01	6.373501e-01	1.693317e-02	1.099944e+02	1.630768e-02
1.444682431296243e-03	5.796880e-01	1.409363e+01	5.663478e-01	1.722011e-02	1.023799e+02	1.666746e-02
1.451169854864098e-03	5.803275e-01	1.408388e+01	4.866104e-01	1.754761e-02	9.220104e+01	1.707081e-02
1.462510411461282e-03	5.813318e-01	1.406384e+01	3.602025e-01	1.808368e-02	8.277318e+01	1.772492e-02
1.476399861906315e-03	5.824159e-01	1.402912e+01	2.287259e-01	1.868469e-02	7.289557e+01	1.845352e-02
1.492557826138707e-03	5.835221e-01	1.396545e+01	1.117047e-01	1.932468e-02	6.523428e+01	1.921863e-02
1.502594965115063e-03	5.841247e-01	1.390546e+01	6.370827e-02	1.970076e-02	5.711446e+01	1.964869e-02
1.513591124563602e-03	5.847234e-01	1.381742e+01	3.489400e-02	2.010117e-02	5.441255e+01	2.008635e-02
1.513755044350743e-03	5.847319e-01	1.381590e+01	3.466770e-02	2.010703e-02	5.004981e+01	2.009261e-02
1.514738563073588e-03	5.847809e-01	1.380689e+01	3.319805e-02	2.014215e-02	4.978007e+01	2.012919e-02
1.515056606359963e-03	5.847967e-01	1.380395e+01	3.274971e-02	2.015348e-02	4.959601e+01	2.014099e-02
1.515374649646339e-03	5.848124e-01	1.380100e+01	3.231426e-02	2.016480e-02	4.941194e+01	2.015277e-02
1.515692692932714e-03	5.848281e-01	1.379803e+01	3.189169e-02	2.017610e-02	4.922788e+01	2.016452e-02
1.516010736219089e-03	5.848437e-01	1.379505e+01	3.148201e-02	2.018739e-02	4.904382e+01	2.017623e-02
1.516328779505464e-03	5.848593e-01	1.379205e+01	3.108521e-02	2.019867e-02	4.885975e+01	2.018791e-02
1.516646822791839e-03	5.848748e-01	1.378904e+01	3.070130e-02	2.020993e-02	4.867569e+01	2.019956e-02
1.516964866078214e-03	5.848902e-01	1.378602e+01	3.033027e-02	2.022117e-02	4.560232e+01	2.021118e-02
1.517096020659399e-03	5.848962e-01	1.378486e+01	3.017892e-02	2.022580e-02	4.456195e+01	2.021597e-02
1.517223852728602e-03	5.849018e-01	1.378477e+01	2.940235e-02	2.022870e-02	5.277273e+01	2.022063e-02
1.517281710795030e-03	5.849060e-01	1.378602e+01	2.804137e-02	2.022697e-02	5.878979e+01	2.022273e-02
1.517360850620608e-03	5.849098e-01	1.378881e+01	2.510889e-02	2.022667e-02	4.507161e+01	2.022562e-02
1.517390399097528e-03	5.849109e-01	1.378964e+01	2.409326e-02	2.022749e-02	4.510362e+01	2.022669e-02
1.517433946344804e-03	5.849131e-01	1.379042e+01	2.291780e-02	2.022862e-02	4.778185e+01	2.022828e-02
1.517479707488955e-03	5.849152e-01	1.379086e+01	2.203161e-02	2.023020e-02	4.741045e+01	2.022994e-02
1.517524700806067e-03	5.849174e-01	1.379099e+01	2.143272e-02	2.023165e-02	4.836294e+01	2.023158e-02
1.517564784676268e-03	5.849193e-01	1.379095e+01	2.105956e-02	2.023312e-02	4.813076e+01	2.023304e-02
1.517613245677501e-03	5.849217e-01	1.379074e+01	2.075177e-02	2.023478e-02	4.849768e+01	2.023480e-02
1.517658459086656e-03	5.849239e-01	1.379045e+01	2.056049e-02	2.023644e-02	4.781219e+01	2.023644e-02
1.517699341831666e-03	5.849258e-01	1.379013e+01	2.044407e-02	2.023787e-02	4.833106e+01	2.023792e-02
1.517734188800985e-03	5.849275e-01	1.378982e+01	2.037268e-02	2.023916e-02	4.862267e+01	2.023919e-02
1.517815070796485e-03	5.849314e-01	1.378905e+01	2.027372e-02	2.024208e-02	4.831289e+01	2.024212e-02
1.517916972314753e-03	5.849363e-01	1.378800e+01	2.022043e-02	2.024577e-02	4.812897e+01	2.024582e-02
1.518141746935115e-03	5.849472e-01	1.378559e+01	2.019644e-02	2.025389e-02	4.635286e+01	2.025396e-02
1.529339218630377e-03	5.854478e-01	1.366475e+01	2.056808e-02	2.064046e-02	4.305652e+01	2.063795e-02
1.540536690325639e-03	5.859114e-01	1.354503e+01	2.091823e-02	2.100244e-02	3.976019e+01	2.099759e-02
1.551734162020900e-03	5.863382e-01	1.342641e+01	2.124691e-02	2.133982e-02	3.646385e+01	2.133290e-02
1.562931633716162e-03	5.867280e-01	1.330891e+01	2.155411e-02	2.165260e-02	3.316752e+01	2.164385e-02
1.574129105411424e-03	5.870810e-01	1.319252e+01	2.183982e-02	2.194078e-02	2.987118e+01	2.193047e-02
1.585326577106686e-03	5.873970e-01	1.307724e+01	2.210406e-02	2.220437e-02	2.657484e+01	2.219274e-02
1.596524048801947e-03	5.876761e-01	1.296307e+01	2.234682e-02	2.244336e-02	2.155825e+01	2.243067e-02
1.656524048801948e-03	5.889696e-01	1.236818e+01	2.344712e-02	2.353876e-02	1.510678e+01	2.353144e-02
1.707952620230519e-03	5.897080e-01	1.188332e+01	2.411267e-02	2.420037e-02	1.360723e+01	2.419510e-02
1.759381191659091e-03	5.903692e-01	1.141665e+01	2.471531e-02	2.479923e-02	1.210768e+01	2.479562e-02
1.810809763087662e-03	5.909533e-01	1.096817e+01	2.525505e-02	2.533533e-02	1.060813e+01	2.533299e-02
1.862238334516234e-03	5.914603e-01	1.053789e+01	2.573188e-02	2.580868e-02	9.108586e+00	2.580723e-02
1.913666905944806e-03	5.918902e-01	1.012579e+01	2.614581e-02	2.621928e-02	7.609038e+00	2.621833e-02
1.965095477373377e-03	5.922430e-01	9.731890e+00	2.649684e-02	2.656712e-02	6.109491e+00	2.656629e-02
2.016524048801949e-03	5.925186e-01	9.356178e+00	2.678495e-02	2.685221e-02	5.734628e+00	2.685111e-02
2.127952620230520e-03	5.930928e-01	8.603516e+00	2.738096e-02	2.744215e-02	4.571973e+00	2.744109e-02
2.239381191659092e-03	5.935375e-01	7.904619e+00	2.784331e-02	2.789888e-02	3.409318e+00	2.789784e-02
2.350809763087664e-03	5.938526e-01	7.259488e+00	2.817202e-02	2.822239e-02	2.246664e+00	2.822137e-02
2.462238334516236e-03	5.940382e-01	6.668123e+00	2.836707e-02	2.841269e-02	1.084009e+00	2.841168e-02
2.573666905944808e-03	5.940942e-01	6.130524e+00	2.842848e-02	2.846978e-02	-7.864627e-02	2.846877e-02
2.685095477373379e-03	5.940207e-01	5.646690e+00	2.835623e-02	2.839365e-02	-1.241301e+00	2.839263e-02
2.796524048801951e-03	5.938176e-01	5.216623e+00	2.815033e-02	2.818432e-02	-2.094246e+00	2.818327e-02
2.907952620230522e-03	5.935083e-01	4.820204e+00	2.780209e-02	2.783291e-02	-3.456836e+00	2.783187e-02
3.019381191659094e-03	5.930472e-01	4.452085e+00	2.732805e-02	2.735592e-02	-4.819425e+00	2.735490e-02
3.130809763087666e-03	5.924343e-01	4.112266e+00	2.672821e-02	2.675337e-02	-6.182015e+00	2.675237e-02
3.242238334516238e-03	5.916695e-01	3.800747e+00	2.600257e-02	2.602525e-02	-7.544605e+00	2.602427e-02
3.353666905944810e-03	5.907529e-01	3.517526e+00	2.515112e-02	2.517155e-02	-8.907195e+00	2.517060e-02
3.465095477373381e-03	5.896845e-01	3.262606e+00	2.417388e-02	2.419229e-02	-1.026978e+01	2.419137e-02
3.576524048801953e-03	5.884642e-01	3.035985e+00	2.307083e-02	2.308745e-02	-1.030097e+01	2.308658e-02
3.687952620230524e-03	5.871492e-01	2.827050e+00	2.184807e-02	2.186305e-02	-1.330119e+01	2.186221e-02
3.799381191659096e-03	5.854999e-01	2.632914e+00	2.053688e-02	2.055033e-02	-1.630141e+01	2.054954e-02
3.910809763087668e-03	5.835163e-01	2.453575e+00	1.913725e-02	1.914929e-02	-1.930163e+01	1.914856e-02
4.022238334516239e-03	5.811984e-01	2.289034e+00	1.764919e-02	1.765994e-02	-2.230184e+01	1.765927e-02
4.133666905944812e-03	5.785462e-01	2.139291e+00	1.607269e-02	1.608228e-02	-2.530206e+01	1.608167e-02
4.245095477373383e-03	5.755597e-01	2.004345e+00	1.440775e-02	1.441631e-02	-2.830228e+01	1.441576e-02
4.356524048801954e-03	5.722388e-01	1.884198e+00	1.265438e-02	1.266202e-02	-3.082547e+01	1.266154e-02
4.422409771731856e-03	5.699880e-01	1.816766e+00	1.159359e-02	1.160072e-02	-3.749985e+01	1.160034e-02
4.488295494661758e-03	5.672974e-01	1.752277e+00	1.051822e-02	1.052486e-02	-4.417423e+01	1.052457e-02
4.554181217591659e-03	5.641671e-01	1.690730e+00	9.428273e-03	9.434457e-03	-5.084861e+01	9.434234e-03
4.620066940521562e-03	5.605970e-01	1.632126e+00	8.323741e-03	8.329496e-03	-5.752298e+01	8.329327e-03
4.685952663451463e-03	5.565872e-01	1.576464e+00	7.204627e-03	7.209983e-03	-6.419736e+01	7.209849e-03
4.751838386381365e-03	5.521377e-01	1.523744e+00	6.070931e-03	6.075916e-03	-7.087174e+01	6.075802e-03
4.817724109311266e-03	5.472483e-01	1.473967e+00	4.922655e-03	4.927296e-03	5.946480e+04	4.927184e-03
4.818110503320679e-03	5.702252e-01	1.473685e+00	4.915522e-03	4.920118e-03	1.840363e+05	4.918554e-03
4.818490579826194e-03	6.883067e-01	1.473427e+00	4.902913e-03	4.906852e-03	5.813569e+05	4.902205e-03
4.818671067862171e-03	8.961132e-01	1.473338e+00	4.884559e-03	4.886838e-03	1.823511e+06	4.881957e-03
4.818792087923269e-03	1.238110e+00	1.473322e+00	4.857554e-03	4.857108e-03	4.020816e+06	4.851704e-03
4.818893250309660e-03	1.789468e+00	1.473368e+00	4.817104e-03	4.812426e-03	7.537037e+06	4.804561e-03
4.818999788445875e-03	2.803557e+00	1.473521e+00	4.745445e-03	4.733119e-03	1.281476e+07	4.719218e-03
4.819117012242902e-03	4.656923e+00	1.473886e+00	4.614064e-03	4.587561e-03	2.070090e+07	4.564532e-03
4.819242464309409e-03	7.827165e+00	1.474644e+00	4.387722e-03	4.336621e-03	3.214915e+07	4.301076e-03
4.819391411132341e-03	1.347861e+01	1.476329e+00	3.979228e-03	3.883534e-03	4.412153e+07	3.832091e-03
4.819613030963316e-03	2.417713e+01	1.480401e+00	3.141473e-03	2.954080e-03	4.885693e+07	2.943524e-03
4.819778638615143e-03	3.239736e+01	1.484709e+00	2.482980e-03	2.223451e-03	4.540046e+07	2.258156e-03
4.819978623632373e-03	4.077521e+01	1.491251e+00	1.826573e-03	1.495688e-03	3.520085e+07	1.553967e-03
4.820185503552703e-03	4.671935e+01	1.499005e+00	1.362006e-03	9.814072e-04	2.184428e+07	1.045800e-03
4.820475379550898e-03	5.162649e+01	1.510784e+00	9.904510e-04	5.719241e-04	1.370910e+07	6.113929e-04
4.820689304086766e-03	5.362600e+01	1.519862e+00	8.408439e-04	4.083925e-04	7.259601e+06	4.225524e-04
4.820883928358244e-03	5.459239e+01	1.528327e+00	7.547589e-04	3.153635e-04	4.188075e+06	3.200615e-04
4.821003825184106e-03	5.494324e+01	1.533593e+00	7.166915e-04	2.746651e-04	2.217732e+06	2.768199e-04
4.821147938866061e-03	5.517789e+01	1.539956e+00	6.811649e-04	2.371895e-04	1.098679e+06	2.400958e-04
4.821373443969703e-03	5.534933e+01	1.549930e+00	6.410830e-04	1.957378e-04	4.348437e+05	1.986335e-04
4.821594445652369e-03	5.537205e+01	1.559703e+00	6.136545e-04	1.683444e-04	-1.451495e+05	1.699238e-04
4.821811757691768e-03	5.528571e+01	1.569296e+00	5.939542e-04	1.494379e-04	-5.850546e+05	1.506747e-04
4.822103809833721e-03	5.507405e+01	1.582143e+00	5.745314e-04	1.319076e-04	-8.307924e+05	1.328028e-04
4.822376870952495e-03	5.481622e+01	1.594093e+00	5.610844e-04	1.206911e-04	-1.030399e+06	1.212240e-04
4.822723682167253e-03	5.443533e+01	1.609168e+00	5.479272e-04	1.108173e-04	-1.147534e+06	1.112333e-04
4.823090686862676e-03	5.399709e+01	1.624991e+00	5.371634e-04	1.037890e-04	-1.225386e+06	1.039415e-04
4.823503402867710e-03	5.347987e+01	1.642621e+00	5.272676e-04	9.832258e-05	-1.267989e+06	9.826671e-05
4.823878159871159e-03	5.299859e+01	1.658473e+00	5.196463e-04	9.477841e-05	-1.291708e+06	9.458019e-05
4.824269796649916e-03	5.248992e+01	1.674872e+00	5.125288e-04	9.199706e-05	-1.300182e+06	9.172600e-05
4.825032352566341e-03	5.149792e+01	1.706316e+00	5.003007e-04	8.817937e-05	-1.287742e+06	8.783777e-05
4.826278941503972e-03	4.990266e+01	1.756323e+00	4.826968e-04	8.407987e-05	-1.247385e+06	8.375630e-05
4.828191632331859e-03	4.755709e+01	1.829783e+00	4.583514e-04	7.964820e-05	-1.158858e+06	7.931366e-05
4.831210950547063e-03	4.418060e+01	1.936871e+00	4.240649e-04	7.396014e-05	-1.077728e+06	7.363900e-05
4.834230268762267e-03	4.104908e+01	2.037260e+00	3.922633e-04	6.869048e-05	-9.965983e+05	6.838395e-05
4.837249586977471e-03	3.816251e+01	2.130951e+00	3.629466e-04	6.383923e-05	-9.154685e+05	6.354850e-05
4.840268905192676e-03	3.552090e+01	2.217943e+00	3.361148e-04	5.940637e-05	-8.343387e+05	5.913265e-05
4.843288223407880e-03	3.312424e+01	2.298237e+00	3.117679e-04	5.539192e-05	-7.532089e+05	5.513641e-05
4.846307541623084e-03	3.097254e+01	2.371832e+00	2.899059e-04	5.179588e-05	-6.720791e+05	5.155976e-05
4.849326859838288e-03	2.906580e+01	2.438729e+00	2.705289e-04	4.861823e-05	-6.019583e+05	4.840272e-05
4.852558880524862e-03	2.718817e+01	2.505651e+00	2.514252e-04	4.547690e-05	-5.599331e+05	4.527594e-05
4.855790901211436e-03	2.544637e+01	2.568558e+00	2.336959e-04	4.256239e-05	-5.179080e+05	4.237535e-05
4.859022921898009e-03	2.384039e+01	2.627450e+00	2.173408e-04	3.987472e-05	-4.758828e+05	3.970095e-05
4.862254942584583e-03	2.237024e+01	2.682327e+00	2.023602e-04	3.741387e-05	-4.338576e+05	3.725274e-05
4.865486963271157e-03	2.103592e+01	2.733189e+00	1.887538e-04	3.517986e-05	-3.918325e+05	3.503071e-05
4.868718983957731e-03	1.983742e+01	2.780035e+00	1.765218e-04	3.317267e-05	-3.498073e+05	3.303488e-05
4.871951004644304e-03	1.877475e+01	2.822867e+00	1.656642e-04	3.139231e-05	-3.015657e+05	3.126523e-05
4.877346527646826e-03	1.714765e+01	2.889316e+00	1.489612e-04	2.865743e-05	-2.905728e+05	2.855565e-05
4.880165567631152e-03	1.638782e+01	2.921074e+00	1.411336e-04	2.737371e-05	-2.560707e+05	2.729033e-05
4.884041573740005e-03	1.543324e+01	2.961673e+00	1.312164e-04	2.575258e-05	-2.282534e+05	2.570068e-05
4.889868558286212e-03	1.417308e+01	3.016463e+00	1.179699e-04	2.358400e-05	-1.921518e+05	2.360216e-05
4.900002105642500e-03	1.236640e+01	3.096734e+00	9.866848e-05	2.043138e-05	-1.542260e+05	2.059352e-05
4.918041454720291e-03	9.828088e+00	3.209879e+00	7.255271e-05	1.616190e-05	-1.256649e+05	1.636653e-05
4.935052736763655e-03	7.961761e+00	3.288368e+00	5.417933e-05	1.315489e-05	-9.835384e+04	1.325857e-05
4.954075993065291e-03	6.283953e+00	3.347286e+00	3.752079e-05	1.040821e-05	-8.264688e+04	1.046455e-05
4.971975759836401e-03	4.910189e+00	3.379833e+00	2.392618e-05	8.149185e-06	-7.344037e+04	8.176843e-06
4.991975759836401e-03	3.500580e+00	3.392953e+00	1.003509e-05	5.809894e-06	-6.897624e+04	5.829449e-06
5.010817715237343e-03	2.231017e+00	3.384893e+00	-2.363844e-06	3.698795e-06	-6.658302e+04	3.715269e-06
5.030817715237343e-03	9.143653e-01	3.355125e+00	-1.508147e-05	1.501052e-06	-6.551177e+04	1.522675e-06
5.050817715237343e-03	-3.894540e-01	3.304847e+00	-2.753955e-05	-6.764988e-07	-6.508631e+04	-6.485507e-07
5.070817715237343e-03	-1.689087e+00	3.234221e+00	-3.978828e-05	-2.849708e-06	-6.498958e+04	-2.812805e-06
5.090817715237343e-03	-2.989037e+00	3.143612e+00	-5.190484e-05	-5.023127e-06	-6.505837e+04	-4.977587e-06
5.110817715237343e-03	-4.291422e+00	3.033320e+00	-6.387533e-05	-7.201958e-06	-6.520320e+04	-7.146423e-06
5.130817715237344e-03	-5.597165e+00	2.903619e+00	-7.574495e-05	-9.385431e-06	-6.537938e+04	-9.320853e-06
5.150817715237344e-03	-6.906597e+00	2.754768e+00	-8.748396e-05	-1.157608e-05	-6.556455e+04	-1.150142e-05
5.170817715237344e-03	-8.219747e+00	2.587017e+00	-9.912971e-05	-1.377182e-05	-6.574748e+04	-1.368819e-05
5.190817715237344e-03	-9.536496e+00	2.400615e+00	-1.106488e-04	-1.597451e-05	-6.592263e+04	-1.588095e-05
5.210817715237344e-03	-1.085665e+01	2.195807e+00	-1.220768e-04	-1.818173e-05	-6.608723e+04	-1.807938e-05
5.230817715237344e-03	-1.217999e+01	1.972839e+00	-1.333799e-04	-2.039517e-05	-6.623987e+04	-2.028310e-05
5.250817715237344e-03	-1.350625e+01	1.731957e+00	-1.445939e-04	-2.261234e-05	-6.637987e+04	-2.249170e-05
5.270817715237344e-03	-1.483518e+01	1.473407e+00	-1.556856e-04	-2.483490e-05	-6.650685e+04	-2.470474e-05
5.290817715237344e-03	-1.616652e+01	1.197434e+00	-1.666921e-04	-2.706032e-05	-6.662072e+04	-2.692180e-05
5.310817715237344e-03	-1.750001e+01	9.042850e-01	-1.775827e-04	-2.929025e-05	-6.672138e+04	-2.914243e-05
5.330817715237344e-03	-1.883538e+01	5.942066e-01	-1.883987e-04	-3.152217e-05	-6.680868e+04	-3.136619e-05
5.350817715237344e-03	-2.017236e+01	2.674458e-01	-1.991487e-04	-3.375778e-05	-6.688283e+04	-3.359264e-05
5.370817715237344e-03	-2.151069e+01	-7.574737e-02	-2.127154e-04	-3.599741e-05	-6.694377e+04	-3.582134e-05
5.390817715237344e-03	-2.285011e+01	-4.351305e-01	-2.242044e-04	-3.823776e-05	-6.699141e+04	-3.805185e-05
5.410817715237344e-03	-2.419035e+01	-8.104553e-01	-2.345429e-04	-4.047735e-05	-6.702588e+04	-4.028372e-05
5.430817715237344e-03	-2.553114e+01	-1.201473e+00	-2.447963e-04	-4.271877e-05	-6.704715e+04	-4.251652e-05
5.450817715237344e-03	-2.687223e+01	-1.607935e+00	-2.548423e-04	-4.495948e-05	-6.705530e+04	-4.474982e-05
5.470817715237344e-03	-2.821335e+01	-2.029592e+00	-2.648129e-04	-4.720115e-05	-6.705034e+04	-4.698316e-05
5.490817715237344e-03	-2.955425e+01	-2.466197e+00	-2.745864e-04	-4.944126e-05	-6.701560e+04	-4.921612e-05
5.530817715237345e-03	-3.223429e+01	-3.383253e+00	-2.937924e-04	-5.391923e-05	-6.695045e+04	-5.367915e-05
5.570817715237345e-03	-3.491028e+01	-4.357109e+00	-3.124672e-04	-5.838993e-05	-6.682328e+04	-5.813543e-05
5.610817715237345e-03	-3.758015e+01	-5.385768e+00	-3.306130e-04	-6.284991e-05	-6.658688e+04	-6.258151e-05
5.670817715237345e-03	-4.156897e+01	-7.027142e+00	-3.568624e-04	-6.951281e-05	-6.626941e+04	-6.922401e-05
5.730817715237345e-03	-4.553248e+01	-8.780574e+00	-3.818718e-04	-7.613138e-05	-6.584694e+04	-7.582437e-05
5.747960572380202e-03	-4.665970e+01	-9.301586e+00	-3.888102e-04	-7.801382e-05	-6.566200e+04	-7.770151e-05
5.765103429523059e-03	-4.778375e+01	-9.830642e+00	-3.956479e-04	-7.989084e-05	-6.547706e+04	-7.957337e-05
5.782246286665916e-03	-4.890463e+01	-1.036774e+01	-4.023849e-04	-8.176243e-05	-6.529212e+04	-8.143994e-05
5.799389143808774e-03	-5.002234e+01	-1.091289e+01	-4.090213e-04	-8.362858e-05	-6.510718e+04	-8.330124e-05
5.816532000951631e-03	-5.113688e+01	-1.146608e+01	-4.155570e-04	-8.548931e-05	-6.492224e+04	-8.515726e-05
5.833674858094488e-03	-5.224824e+01	-1.202731e+01	-4.219919e-04	-8.734461e-05	-6.473730e+04	-8.700800e-05
5.850817715237345e-03	-5.335644e+01	-1.259659e+01	-4.283263e-04	-8.919447e-05	-6.444424e+04	-8.885346e-05
5.870817715237345e-03	-5.464532e+01	-1.326761e+01	-4.391130e-04	-9.134819e-05	-6.442708e+04	-9.099982e-05
5.873317715237345e-03	-5.480605e+01	-1.335224e+01	-4.444721e-04	-9.162057e-05	-6.412452e+04	-9.126747e-05
5.888317715237345e-03	-5.576750e+01	-1.386537e+01	-4.897224e-04	-9.326611e-05	-6.386006e+04	-9.286856e-05
5.922151925938065e-03	-5.792460e+01	-1.504236e+01	-6.103058e-04	-9.697687e-05	-6.387829e+04	-9.646074e-05
5.976437640223780e-03	-6.136242e+01	-1.699565e+01	-8.192982e-04	-1.029052e-04	-6.277804e+04	-1.021857e-04
6.030723354509495e-03	-6.474051e+01	-1.900005e+01	-1.033078e-03	-1.087388e-04	-6.167778e+04	-1.078111e-04
6.085009068795209e-03	-6.805886e+01	-2.105555e+01	-1.251644e-03	-1.144780e-04	-6.057753e+04	-1.133371e-04
6.139294783080923e-03	-7.131749e+01	-2.316216e+01	-1.474998e-03	-1.201225e-04	-5.947727e+04	-1.187637e-04
6.193580497366638e-03	-7.451640e+01	-2.531987e+01	-1.703138e-03	-1.256724e-04	-5.837702e+04	-1.240907e-04
6.247866211652352e-03	-7.765557e+01	-2.752870e+01	-1.936066e-03	-1.311277e-04	-5.727676e+04	-1.293183e-04
6.302151925938066e-03	-8.073502e+01	-2.978863e+01	-2.173780e-03	-1.364885e-04	-5.532923e+04	-1.344465e-04
6.342151925938067e-03	-8.294819e+01	-3.146676e+01	-2.349166e-03	-1.403457e-04	-5.510753e+04	-1.381320e-04
6.362151925938067e-03	-8.404147e+01	-3.231121e+01	-2.465148e-03	-1.422766e-04	-5.464258e+04	-1.399527e-04
6.363707677068465e-03	-8.412605e+01	-3.237703e+01	-2.505323e-03	-1.424590e-04	-5.424456e+04	-1.400935e-04
6.366819179329262e-03	-8.429464e+01	-3.250869e+01	-2.736658e-03	-1.429803e-04	-5.415753e+04	-1.403743e-04
6.368928028551110e-03	-8.440877e+01	-3.259764e+01	-3.147338e-03	-1.435947e-04	-5.408134e+04	-1.405643e-04
6.371245157612352e-03	-8.453400e+01	-3.269482e+01	-4.075098e-03	-1.447566e-04	-5.400478e+04	-1.407729e-04
6.373804835262573e-03	-8.467214e+01	-3.280095e+01	-6.095286e-03	-1.470555e-04	-5.396086e+04	-1.410029e-04
6.374206387960209e-03	-8.469380e+01	-3.281750e+01	-6.526621e-03	-1.475299e-04	-5.394053e+04	-1.410390e-04
6.374607940657846e-03	-8.471546e+01	-3.283396e+01	-7.020204e-03	-1.480690e-04	-5.392021e+04	-1.410750e-04
6.375009493355482e-03	-8.473711e+01	-3.285035e+01	-7.576036e-03	-1.486730e-04	-5.389989e+04	-1.411111e-04
6.375411046053120e-03	-8.475875e+01	-3.286664e+01	-8.194118e-03	-1.493417e-04	-5.387956e+04	-1.411471e-04
6.375812598750756e-03	-8.478038e+01	-3.288286e+01	-8.874448e-03	-1.500752e-04	-5.385924e+04	-1.411832e-04
6.376214151448393e-03	-8.480200e+01	-3.289900e+01	-9.617027e-03	-1.508735e-04	-5.383891e+04	-1.412192e-04
6.376615704146029e-03	-8.482362e+01	-3.291505e+01	-1.042185e-02	-1.517366e-04	-5.329122e+04	-1.412552e-04
6.376627585260747e-03	-8.482425e+01	-3.291550e+01	-1.045022e-02	-1.518173e-04	-5.370879e+04	-1.412562e-04
6.376651347490183e-03	-8.482553e+01	-3.291621e+01	-1.056422e-02	-1.523536e-04	-5.380931e+04	-1.412583e-04
6.376679996376145e-03	-8.482707e+01	-3.291641e+01	-1.100830e-02	-1.544872e-04	-5.356321e+04	-1.412609e-04
6.376699090277912e-03	-8.482809e+01	-3.291546e+01	-1.178936e-02	-1.585730e-04	-5.330634e+04	-1.412626e-04
6.376714131046969e-03	-8.482889e+01	-3.291302e+01	-1.312095e-02	-1.659475e-04	-5.299878e+04	-1.412639e-04
6.376727639828646e-03	-8.482960e+01	-3.290816e+01	-1.546818e-02	-1.789901e-04	-5.198904e+04	-1.412651e-04
6.376741015184407e-03	-8.483029e+01	-3.289875e+01	-1.982872e-02	-2.025932e-04	-5.037777e+04	-1.412663e-04
6.376754504510237e-03	-8.483095e+01	-3.288109e+01	-2.787766e-02	-2.446747e-04	-4.791478e+04	-1.412674e-04
6.376769445944551e-03	-8.483165e+01	-3.284547e+01	-4.444143e-02	-3.280716e-04	-4.390974e+04	-1.412685e-04
6.376782973396416e-03	-8.483221e+01	-3.278845e+01	-7.119107e-02	-4.594570e-04	-3.612935e+04	-1.412694e-04
6.376797156834348e-03	-8.483265e+01	-3.268610e+01	-1.199145e-01	-6.925567e-04	-2.439008e+04	-1.412701e-04
6.376810541870004e-03	-8.483288e+01	-3.252588e+01	-1.971233e-01	-1.053539e-03	-5.825706e+03	-1.412705e-04
6.376824361936720e-03	-8.483281e+01	-3.226041e+01	-3.266502e-01	-1.647959e-03	2.111012e+04	-1.412703e-04
6.376837703669114e-03	-8.483230e+01	-3.186540e+01	-5.189806e-01	-2.534826e-03	6.082101e+04	-1.412694e-04
6.376851026928619e-03	-8.483119e+01	-3.132291e+01	-7.692221e-01	-3.880103e-03	1.027541e+05	-1.412676e-04
6.376856524999343e-03	-8.483037e+01	-3.109089e+01	-8.305318e-01	-4.712936e-03	1.729071e+05	-1.412663e-04
6.376865160074377e-03	-8.482874e+01	-3.074194e+01	-8.483822e-01	-6.232271e-03	1.996569e+05	-1.412636e-04
6.376870693997093e-03	-8.482754e+01	-3.049175e+01	-8.597067e-01	-7.290103e-03	2.474168e+05	-1.412616e-04
6.376877226358713e-03	-8.482576e+01	-3.013956e+01	-8.739010e-01	-8.767539e-03	3.348175e+05	-1.412585e-04
6.376890291081952e-03	-8.482098e+01	-2.923955e+01	-9.054013e-01	-1.237908e-02	4.653139e+05	-1.412500e-04
6.376916420528430e-03	-8.480752e+01	-2.704994e+01	-9.804991e-01	-2.223676e-02	5.434215e+05	-1.412281e-04
6.376922484049942e-03	-8.480349e+01	-2.646802e+01	-9.997008e-01	-2.495247e-02	1.491439e+06	-1.412410e-04
6.376930040663424e-03	-8.478721e+01	-2.567422e+01	-1.024165e+00	-2.845125e-02	4.164208e+06	-1.421590e-04
6.376935748830032e-03	-8.474825e+01	-2.506008e+01	-1.042688e+00	-3.114803e-02	1.000700e+07	-1.449943e-04
6.376943359718842e-03	-8.465392e+01	-2.424157e+01	-1.067381e+00	-3.478950e-02	1.856545e+07	-1.521898e-04
6.376958581496462e-03	-8.432435e+01	-2.267290e+01	-1.114573e+00	-4.187690e-02	3.136803e+07	-1.781536e-04
6.376978948407620e-03	-8.353758e+01	-2.078607e+01	-1.170153e+00	-5.039790e-02	5.360543e+07	-2.412335e-04
6.376998594649307e-03	-8.217943e+01	-1.926891e+01	-1.213122e+00	-5.711477e-02	9.411988e+07	-3.512606e-04
6.377016588027035e-03	-7.999494e+01	-1.817592e+01	-1.243512e+00	-6.198274e-02	1.612944e+08	-5.292209e-04
6.377033880474053e-03	-7.648802e+01	-1.736543e+01	-1.265917e+00	-6.571168e-02	2.516055e+08	-8.157399e-04
6.377049548451382e-03	-7.170191e+01	-1.678759e+01	-1.281651e+00	-6.851657e-02	3.516447e+08	-1.207324e-03
6.377058866400220e-03	-6.770185e+01	-1.651026e+01	-1.289399e+00	-7.001102e-02	5.034916e+08	-1.534856e-03
6.377069877013045e-03	-6.146665e+01	-1.624227e+01	-1.297296e+00	-7.167209e-02	6.363345e+08	-2.045664e-03
6.377084450346735e-03	-5.142191e+01	-1.594888e+01	-1.306068e+00	-7.374914e-02	7.269000e+08	-2.868859e-03
6.377098256549091e-03	-4.083757e+01	-1.572490e+01	-1.312925e+00	-7.559012e-02	7.485756e+08	-3.736570e-03
6.377115754986402e-03	-2.798801e+01	-1.550304e+01	-1.319919e+00	-7.763404e-02	6.462632e+08	-4.790421e-03
6.377136231240276e-03	-1.629592e+01	-1.530387e+01	-1.326010e+00	-7.943700e-02	4.511829e+08	-5.750001e-03
6.377158746380755e-03	-8.591031e+00	-1.514329e+01	-1.330666e+00	-8.070081e-02	2.416442e+08	-6.383355e-03
6.377191049817319e-03	-3.049331e+00	-1.497263e+01	-1.334874e+00	-8.168235e-02	1.483326e+08	-6.840611e-03
6.377203118127879e-03	-2.009255e+00	-1.492337e+01	-1.335955e+00	-8.190741e-02	6.248068e+07	-6.927062e-03
6.377216889749030e-03	-1.434834e+00	-1.487891e+01	-1.336955e+00	-8.210584e-02	3.178661e+07	-6.975553e-03
6.377234402680887e-03	-1.014825e+00	-1.483167e+01	-1.337942e+00	-8.229142e-02	1.778397e+07	-7.011788e-03
6.377255605216621e-03	-7.463196e-01	-1.478408e+01	-1.338809e+00	-8.244620e-02	1.006563e+07	-7.036003e-03
6.377269859105862e-03	-6.579336e-01	-1.475759e+01	-1.339233e+00	-8.251958e-02	4.237744e+06	-7.044736e-03
6.377289132000532e-03	-6.042416e-01	-1.472802e+01	-1.339653e+00	-8.259086e-02	2.012133e+06	-7.051154e-03
6.377310286358445e-03	-5.765886e-01	-1.470115e+01	-1.339945e+00	-8.264071e-02	8.817599e+05	-7.055637e-03
6.377335547248670e-03	-5.633145e-01	-1.467544e+01	-1.340124e+00	-8.267162e-02	3.332886e+05	-7.059373e-03
6.377368184162918e-03	-5.572919e-01	-1.464990e+01	-1.340140e+00	-8.267745e-02	6.240234e+04	-7.063290e-03
6.377483369711509e-03	-5.540901e-01	-1.459949e+01	-1.339100e+00	-8.252290e-02	-4.163819e+02	-7.075646e-03
6.379632035767730e-03	-5.549836e-01	-1.456165e+01	-1.296393e+00	-7.598586e-02	-4.153714e+02	-7.306358e-03
6.381780701823951e-03	-5.558750e-01	-1.452844e+01	-1.256576e+00	-6.993657e-02	-4.143609e+02	-7.539656e-03
6.383929367880172e-03	-5.567643e-01	-1.449987e+01	-1.219647e+00	-6.437502e-02	-4.133503e+02	-7.775542e-03
6.386078033936394e-03	-5.576513e-01	-1.447593e+01	-1.185607e+00	-5.930122e-02	-4.123398e+02	-8.014014e-03
6.388226699992615e-03	-5.585362e-01	-1.445662e+01	-1.154455e+00	-5.471515e-02	-4.113292e+02	-8.255073e-03
6.390375366048836e-03	-5.594190e-01	-1.444194e+01	-1.126192e+00	-5.061683e-02	-4.103187e+02	-8.498719e-03
6.392524032105057e-03	-5.602995e-01	-1.443190e+01	-1.100818e+00	-4.700625e-02	-4.031515e+02	-8.744952e-03
6.394397343001133e-03	-5.610547e-01	-1.442005e+01	-1.080058e+00	-4.408648e-02	-3.646943e+02	-8.958702e-03
6.397877471543872e-03	-5.622519e-01	-1.439820e+01	-1.045428e+00	-3.932385e-02	-4.291429e+02	-9.355694e-03
6.399848427059838e-03	-5.630974e-01	-1.438710e+01	-1.028074e+00	-3.700712e-02	-4.288242e+02	-9.580561e-03
6.401819382575802e-03	-5.639423e-01	-1.437639e+01	-1.011740e+00	-3.486270e-02	-4.285055e+02	-9.804010e-03
6.403790338091768e-03	-5.647865e-01	-1.436609e+01	-9.964261e-01	-3.289059e-02	-4.281868e+02	-1.002604e-02
6.405761293607732e-03	-5.656301e-01	-1.435619e+01	-9.821324e-01	-3.109079e-02	-4.278681e+02	-1.024666e-02
6.407732249123698e-03	-5.664731e-01	-1.434668e+01	-9.688589e-01	-2.946330e-02	-4.275494e+02	-1.046586e-02
6.409703204639662e-03	-5.673155e-01	-1.433758e+01	-9.566057e-01	-2.800812e-02	-4.272307e+02	-1.068364e-02
6.411674160155627e-03	-5.681572e-01	-1.432888e+01	-9.453726e-01	-2.672524e-02	-2.695744e+02	-1.090000e-02
6.414221147799661e-03	-5.688438e-01	-1.431795e+01	-9.317263e-01	-2.521675e-02	-2.641311e+02	-1.117625e-02
6.416750360301849e-03	-5.694980e-01	-1.430747e+01	-9.192649e-01	-2.390549e-02	-2.538440e+02	-1.144713e-02
6.419269369463378e-03	-5.701253e-01	-1.429738e+01	-9.078071e-01	-2.276418e-02	-2.443777e+02	-1.171328e-02
6.421801424945694e-03	-5.707324e-01	-1.428753e+01	-8.971339e-01	-2.176442e-02	-2.353241e+02	-1.197697e-02
6.424324321761884e-03	-5.713149e-01	-1.427797e+01	-8.872368e-01	-2.089919e-02	-2.266225e+02	-1.223574e-02
6.426852826543352e-03	-5.718772e-01	-1.426858e+01	-8.779607e-01	-2.014872e-02	-2.182930e+02	-1.249102e-02
6.429377934785730e-03	-5.724180e-01	-1.425937e+01	-8.692514e-01	-1.950300e-02	-2.102959e+02	-1.274180e-02
6.431905077904488e-03	-5.729396e-01	-1.425027e+01	-8.610073e-01	-1.894910e-02	-2.026598e+02	-1.298856e-02
6.434430997221670e-03	-5.734421e-01	-1.424127e+01	-8.531612e-01	-1.847758e-02	-1.953517e+02	-1.323094e-02
6.436957650656385e-03	-5.739267e-01	-1.423231e+01	-8.456317e-01	-1.807896e-02	-1.883559e+02	-1.346909e-02
6.439483863031962e-03	-5.743938e-01	-1.422337e+01	-8.383479e-01	-1.774536e-02	-1.816738e+02	-1.370291e-02
6.442010340152565e-03	-5.748446e-01	-1.421441e+01	-8.312317e-01	-1.746953e-02	-1.752852e+02	-1.393244e-02
6.444536658271751e-03	-5.752795e-01	-1.420539e+01	-8.242039e-01	-1.724515e-02	-1.691647e+02	-1.415767e-02
6.447063071852636e-03	-5.756993e-01	-1.419630e+01	-8.171750e-01	-1.706659e-02	-1.632995e+02	-1.437863e-02
6.449589428108467e-03	-5.761046e-01	-1.418709e+01	-8.100419e-01	-1.692894e-02	-1.577028e+02	-1.459534e-02
6.452115818784029e-03	-5.764962e-01	-1.417774e+01	-8.026773e-01	-1.682789e-02	-1.523501e+02	-1.480784e-02
6.454642188791428e-03	-5.768744e-01	-1.416823e+01	-7.949160e-01	-1.675978e-02	-1.480469e+02	-1.501617e-02
6.456326441471039e-03	-5.771195e-01	-1.416180e+01	-7.894118e-01	-1.673113e-02	-1.436782e+02	-1.515274e-02
6.458346614237516e-03	-5.774066e-01	-1.415399e+01	-7.823147e-01	-1.671320e-02	-1.409574e+02	-1.531408e-02
6.459604221431642e-03	-5.775816e-01	-1.414908e+01	-7.775359e-01	-1.671066e-02	-1.377972e+02	-1.541318e-02
6.461075026763843e-03	-5.777826e-01	-1.414330e+01	-7.714869e-01	-1.671578e-02	-1.351777e+02	-1.552779e-02
6.462847577154276e-03	-5.780200e-01	-1.413630e+01	-7.633360e-01	-1.673333e-02	-1.322001e+02	-1.566405e-02
6.465043571576331e-03	-5.783073e-01	-1.412762e+01	-7.514212e-01	-1.677228e-02	-1.287558e+02	-1.583004e-02
6.467900074130532e-03	-5.786705e-01	-1.411661e+01	-7.314138e-01	-1.685240e-02	-1.226483e+02	-1.604123e-02
6.471830135507695e-03	-5.791396e-01	-1.410632e+01	-6.912141e-01	-1.701990e-02	-1.139032e+02	-1.632293e-02
6.477779583415529e-03	-5.797958e-01	-1.409892e+01	-6.143422e-01	-1.733422e-02	-1.070166e+02	-1.673265e-02
6.484177151757499e-03	-5.804610e-01	-1.408954e+01	-5.327446e-01	-1.767201e-02	-9.914814e+01	-1.715255e-02
6.490832208736746e-03	-5.810900e-01	-1.407909e+01	-4.533452e-01	-1.800613e-02	-8.715276e+01	-1.756128e-02
6.504142322695240e-03	-5.822010e-01	-1.405403e+01	-3.116302e-01	-1.862696e-02	-7.771710e+01	-1.831039e-02
6.521070307157032e-03	-5.834400e-01	-1.400260e+01	-1.665294e-01	-1.934004e-02	-6.864627e+01	-1.916881e-02
6.536522526193560e-03	-5.844238e-01	-1.392465e+01	-7.542513e-02	-1.993760e-02	-6.115061e+01	-1.987058e-02
6.545776989817250e-03	-5.849508e-01	-1.385703e+01	-4.445380e-02	-2.028081e-02	-5.671607e+01	-2.025678e-02
6.546255489430772e-03	-5.849758e-01	-1.385309e+01	-4.331040e-02	-2.029831e-02	-5.165362e+01	-2.027552e-02
6.546893488915468e-03	-5.850085e-01	-1.384775e+01	-4.187616e-02	-2.032161e-02	-5.088023e+01	-2.030022e-02
6.548169487884859e-03	-5.850732e-01	-1.383684e+01	-3.922087e-02	-2.036806e-02	-5.099846e+01	-2.034917e-02
6.548689405968052e-03	-5.850996e-01	-1.383231e+01	-3.822632e-02	-2.038694e-02	-5.068377e+01	-2.036914e-02
6.549209324051246e-03	-5.851259e-01	-1.382774e+01	-3.727339e-02	-2.040578e-02	-5.036909e+01	-2.038901e-02
6.549729242134440e-03	-5.851520e-01	-1.382312e+01	-3.636208e-02	-2.042458e-02	-5.005441e+01	-2.040878e-02
6.550249160217633e-03	-5.851779e-01	-1.381845e+01	-3.549239e-02	-2.044335e-02	-4.973973e+01	-2.042846e-02
6.550769078300826e-03	-5.852037e-01	-1.381374e+01	-3.466432e-02	-2.046209e-02	-4.942505e+01	-2.044804e-02
6.551288996384020e-03	-5.852293e-01	-1.380899e+01	-3.387787e-02	-2.048078e-02	-4.911037e+01	-2.046753e-02
6.551808914467214e-03	-5.852548e-01	-1.380419e+01	-3.313304e-02	-2.049945e-02	-4.907990e+01	-2.048691e-02
6.552109721773949e-03	-5.852695e-01	-1.380140e+01	-3.271991e-02	-2.051023e-02	-4.891865e+01	-2.049813e-02
6.552410529080684e-03	-5.852842e-01	-1.379859e+01	-3.231818e-02	-2.052100e-02	-4.875740e+01	-2.050932e-02
6.552711336387420e-03	-5.852988e-01	-1.379577e+01	-3.192786e-02	-2.053175e-02	-4.859615e+01	-2.052048e-02
6.553012143694155e-03	-5.853134e-01	-1.379294e+01	-3.154894e-02	-2.054249e-02	-4.843490e+01	-2.053161e-02
6.553312951000890e-03	-5.853280e-01	-1.379010e+01	-3.118143e-02	-2.055321e-02	-4.827365e+01	-2.054271e-02
6.553613758307626e-03	-5.853425e-01	-1.378725e+01	-3.082533e-02	-2.056392e-02	-4.811240e+01	-2.055378e-02
6.553914565614361e-03	-5.853569e-01	-1.378439e+01	-3.048063e-02	-2.057461e-02	-4.411829e+01	-2.056483e-02
6.553951127566252e-03	-5.853585e-01	-1.378408e+01	-3.042893e-02	-2.057586e-02	-4.281904e+01	-2.056617e-02
6.554001044393541e-03	-5.853606e-01	-1.378392e+01	-3.024741e-02	-2.057711e-02	-4.659557e+01	-2.056800e-02
6.554046467290853e-03	-5.853630e-01	-1.378447e+01	-2.963320e-02	-2.057660e-02	-5.525267e+01	-2.056967e-02
6.554112460597836e-03	-5.853668e-01	-1.378666e+01	-2.751886e-02	-2.057477e-02	-5.174028e+01	-2.057209e-02
6.554157239000759e-03	-5.853687e-01	-1.378836e+01	-2.569934e-02	-2.057499e-02	-4.358496e+01	-2.057373e-02
6.554191180237933e-03	-5.853702e-01	-1.378932e+01	-2.450973e-02	-2.057575e-02	-4.603801e+01	-2.057497e-02
6.554233099345025e-03	-5.853722e-01	-1.379009e+01	-2.335469e-02	-2.057692e-02	-4.730712e+01	-2.057651e-02
6.554302095285251e-03	-5.853754e-01	-1.379068e+01	-2.208282e-02	-2.057920e-02	-4.762153e+01	-2.057903e-02
6.554348288640613e-03	-5.853777e-01	-1.379072e+01	-2.156569e-02	-2.058079e-02	-4.766562e+01	-2.058072e-02
6.554386424168349e-03	-5.853795e-01	-1.379062e+01	-2.126917e-02	-2.058216e-02	-4.786719e+01	-2.058212e-02
6.554432495890887e-03	-5.853817e-01	-1.379038e+01	-2.101954e-02	-2.058379e-02	-4.824174e+01	-2.058380e-02
6.554475691996180e-03	-5.853838e-01	-1.379007e+01	-2.086160e-02	-2.058536e-02	-4.740678e+01	-2.058538e-02
6.554518778243237e-03	-5.853858e-01	-1.378972e+01	-2.075459e-02	-2.058691e-02	-4.754870e+01	-2.058695e-02
6.554559601461481e-03	-5.853878e-01	-1.378934e+01	-2.068503e-02	-2.058840e-02	-4.768002e+01	-2.058845e-02
6.554652733937628e-03	-5.853922e-01	-1.378843e+01	-2.059740e-02	-2.059179e-02	-4.760989e+01	-2.059185e-02
6.554843361091894e-03	-5.854013e-01	-1.378641e+01	-2.054829e-02	-2.059874e-02	-4.754358e+01	-2.059880e-02
6.559667840506834e-03	-5.856255e-01	-1.373416e+01	-2.070645e-02	-2.077126e-02	-4.542924e+01	-2.077136e-02
6.564492319921775e-03	-5.858396e-01	-1.368214e+01	-2.086209e-02	-2.093822e-02	-4.331490e+01	-2.093773e-02
6.569316799336715e-03	-5.860435e-01	-1.363036e+01	-2.101519e-02	-2.109962e-02	-4.120055e+01	-2.109792e-02
6.574141278751656e-03	-5.862372e-01	-1.357881e+01	-2.116575e-02	-2.125546e-02	-3.908621e+01	-2.125193e-02
6.578965758166596e-03	-5.864206e-01	-1.352750e+01	-2.131379e-02	-2.140573e-02	-3.697187e+01	-2.139975e-02
6.583790237581537e-03	-5.865939e-01	-1.347643e+01	-2.145929e-02	-2.155043e-02	-3.485752e+01	-2.154139e-02
6.588614716996477e-03	-5.867570e-01	-1.342559e+01	-2.160225e-02	-2.168957e-02	-3.233254e+01	-2.167684e-02
6.608614716996477e-03	-5.874036e-01	-1.321662e+01	-2.212758e-02	-2.222458e-02	-3.038323e+01	-2.220820e-02
6.628614716996478e-03	-5.879723e-01	-1.301083e+01	-2.259674e-02	-2.269368e-02	-2.339471e+01	-2.268013e-02
6.688614716996478e-03	-5.892752e-01	-1.241364e+01	-2.371695e-02	-2.380894e-02	-1.510639e+01	-2.380116e-02
6.737186145567907e-03	-5.899720e-01	-1.195323e+01	-2.435102e-02	-2.443928e-02	-1.358709e+01	-2.443362e-02
6.785757574139335e-03	-5.905951e-01	-1.150925e+01	-2.492382e-02	-2.500848e-02	-1.206779e+01	-2.500456e-02
6.834329002710764e-03	-5.911443e-01	-1.108168e+01	-2.543534e-02	-2.551653e-02	-1.054850e+01	-2.551395e-02
6.882900431282192e-03	-5.916198e-01	-1.067055e+01	-2.588558e-02	-2.596345e-02	-9.029197e+00	-2.596182e-02
6.931471859853621e-03	-5.920215e-01	-1.027583e+01	-2.627454e-02	-2.634922e-02	-7.509899e+00	-2.634815e-02
6.980043288425050e-03	-5.923493e-01	-9.897538e+00	-2.660222e-02	-2.667386e-02	-5.990600e+00	-2.667294e-02
7.028614716996479e-03	-5.926034e-01	-9.535669e+00	-2.686863e-02	-2.693735e-02	-5.606571e+00	-2.693620e-02
7.140043288425050e-03	-5.931633e-01	-8.767620e+00	-2.745134e-02	-2.751386e-02	-4.442703e+00	-2.751277e-02
7.251471859853622e-03	-5.935935e-01	-8.054433e+00	-2.789989e-02	-2.795666e-02	-3.278835e+00	-2.795561e-02
7.362900431282193e-03	-5.938940e-01	-7.396107e+00	-2.821428e-02	-2.826575e-02	-2.114967e+00	-2.826473e-02
7.474329002710766e-03	-5.940648e-01	-6.792644e+00	-2.839451e-02	-2.844112e-02	-9.510994e-01	-2.844011e-02
7.585757574139337e-03	-5.941060e-01	-6.244042e+00	-2.844057e-02	-2.848277e-02	2.127687e-01	-2.848177e-02
7.697186145567909e-03	-5.940174e-01	-5.750303e+00	-2.835247e-02	-2.839071e-02	1.376637e+00	-2.838969e-02
7.808614716996481e-03	-5.937992e-01	-5.311425e+00	-2.813020e-02	-2.816493e-02	2.220875e+00	-2.816389e-02
7.920043288425048e-03	-5.934753e-01	-4.906882e+00	-2.776642e-02	-2.779792e-02	3.591656e+00	-2.779689e-02
8.031471859853615e-03	-5.929987e-01	-4.531216e+00	-2.727727e-02	-2.730577e-02	4.962437e+00	-2.730475e-02
8.142900431282182e-03	-5.923694e-01	-4.184427e+00	-2.666273e-02	-2.668847e-02	6.333219e+00	-2.668747e-02
8.254329002710750e-03	-5.915873e-01	-3.866515e+00	-2.592282e-02	-2.594603e-02	7.704000e+00	-2.594505e-02
8.365757574139316e-03	-5.906525e-01	-3.577481e+00	-2.505753e-02	-2.507844e-02	9.074781e+00	-2.507749e-02
8.477186145567884e-03	-5.895650e-01	-3.317324e+00	-2.406686e-02	-2.408571e-02	1.044556e+01	-2.408479e-02
8.588614716996450e-03	-5.883247e-01	-3.086043e+00	-2.295081e-02	-2.296783e-02	1.043595e+01	-2.296696e-02
8.700043288425016e-03	-5.869913e-01	-2.872811e+00	-2.171572e-02	-2.173106e-02	1.349652e+01	-2.173024e-02
8.811471859853584e-03	-5.853169e-01	-2.674680e+00	-2.039302e-02	-2.040680e-02	1.655709e+01	-2.040602e-02
8.922900431282150e-03	-5.833014e-01	-2.491650e+00	-1.898270e-02	-1.899504e-02	1.961766e+01	-1.899432e-02
9.034329002710718e-03	-5.809449e-01	-2.323721e+00	-1.748475e-02	-1.749579e-02	2.267823e+01	-1.749512e-02
9.145757574139284e-03	-5.782474e-01	-2.170892e+00	-1.589919e-02	-1.590904e-02	2.573880e+01	-1.590843e-02
9.257186145567852e-03	-5.752088e-01	-2.033165e+00	-1.422601e-02	-1.423479e-02	2.879937e+01	-1.423425e-02
9.368614716996418e-03	-5.718293e-01	-1.910538e+00	-1.246520e-02	-1.247305e-02	2.756600e+01	-1.247257e-02
9.432780087087082e-03	-5.697886e-01	-1.843410e+00	-1.142918e-02	-1.143652e-02	3.603981e+01	-1.143610e-02
9.496945457177747e-03	-5.672042e-01	-1.779154e+00	-1.037939e-02	-1.038624e-02	4.451362e+01	-1.038589e-02
9.561110827268411e-03	-5.640761e-01	-1.717773e+00	-9.315826e-03	-9.322223e-03	5.298742e+01	-9.321934e-03
9.625276197359077e-03	-5.604043e-01	-1.659264e+00	-8.238486e-03	-8.244456e-03	6.146123e+01	-8.244232e-03
9.689441567449742e-03	-5.561888e-01	-1.603630e+00	-7.147372e-03	-7.152942e-03	6.993504e+01	-7.152785e-03
9.753606937540406e-03	-5.514295e-01	-1.550868e+00	-6.042485e-03	-6.047682e-03	7.840884e+01	-6.047594e-03
9.817772307631071e-03	-5.461265e-01	-1.500981e+00	-4.923824e-03	-4.928675e-03	-1.283534e+04	-4.928658e-03
9.818153720183255e-03	-5.510221e-01	-1.500690e+00	-4.917107e-03	-4.921949e-03	-1.018592e+05	-4.921595e-03
9.818538433324584e-03	-6.241635e-01	-1.500410e+00	-4.909060e-03	-4.913754e-03	-5.070275e+05	-4.908859e-03
9.818919785769150e-03	-9.394384e-01	-1.500190e+00	-4.883514e-03	-4.886136e-03	-1.366767e+06	-4.876249e-03
9.819070611168995e-03	-1.351527e+00	-1.500168e+00	-4.848522e-03	-4.847618e-03	-4.184629e+06	-4.839701e-03
9.819181164575870e-03	-2.033212e+00	-1.500237e+00	-4.798179e-03	-4.791964e-03	-8.678986e+06	-4.781663e-03
9.819294266455727e-03	-3.292628e+00	-1.500444e+00	-4.709150e-03	-4.693406e-03	-1.494969e+07	-4.675996e-03
9.819417039600105e-03	-5.559471e+00	-1.500920e+00	-4.547200e-03	-4.513923e-03	-2.394188e+07	-4.487127e-03
9.819545046969578e-03	-9.296784e+00	-1.501870e+00	-4.279906e-03	-4.217541e-03	-3.611275e+07	-4.176788e-03
9.819711817601277e-03	-1.620471e+01	-1.504040e+00	-3.763012e-03	-3.644148e-03	-4.580249e+07	-3.603603e-03
9.819895423363194e-03	-2.534490e+01	-1.507727e+00	-3.041100e-03	-2.843178e-03	-4.958546e+07	-2.844092e-03
9.820067828730796e-03	-3.385769e+01	-1.512436e+00	-2.367222e-03	-2.095548e-03	-4.448707e+07	-2.133703e-03
9.820259235486111e-03	-4.152983e+01	-1.518843e+00	-1.764919e-03	-1.427845e-03	-3.318180e+07	-1.487690e-03
9.820483878049190e-03	-4.766296e+01	-1.527353e+00	-1.293247e-03	-9.059294e-04	-2.166927e+07	-9.619278e-04
9.820724243281337e-03	-5.160621e+01	-1.537148e+00	-9.982586e-04	-5.809682e-04	-1.302507e+07	-6.119151e-04
9.820930942289764e-03	-5.348600e+01	-1.545935e+00	-8.494341e-04	-4.182147e-04	-7.027902e+06	-4.336921e-04
9.821146183053247e-03	-5.457156e+01	-1.555283e+00	-7.527804e-04	-3.136987e-04	-4.297214e+06	-3.189899e-04
9.821265896264352e-03	-5.492537e+01	-1.560535e+00	-7.150719e-04	-2.734098e-04	-2.245186e+06	-2.755372e-04
9.821410160893135e-03	-5.516424e+01	-1.566898e+00	-6.797894e-04	-2.361949e-04	-1.204695e+06	-2.384551e-04
9.821587642428414e-03	-5.531298e+01	-1.574740e+00	-6.472527e-04	-2.024752e-04	-4.798015e+05	-2.046978e-04
9.821798508949028e-03	-5.535057e+01	-1.584059e+00	-6.190678e-04	-1.740864e-04	8.640569e+04	-1.760034e-04
9.822042357146260e-03	-5.527369e+01	-1.594818e+00	-5.956637e-04	-1.514426e-04	4.943834e+05	-1.527543e-04
9.822289381498647e-03	-5.510789e+01	-1.605681e+00	-5.783012e-04	-1.355707e-04	8.087729e+05	-1.365384e-04
9.822606275784327e-03	-5.481760e+01	-1.619548e+00	-5.618630e-04	-1.216454e-04	9.958559e+05	-1.223306e-04
9.822923478521131e-03	-5.447642e+01	-1.633338e+00	-5.494668e-04	-1.122064e-04	1.132777e+06	-1.125615e-04
9.823290616830222e-03	-5.404240e+01	-1.649172e+00	-5.382238e-04	-1.046636e-04	1.215072e+06	-1.048781e-04
9.823691083960268e-03	-5.354373e+01	-1.666288e+00	-5.283658e-04	-9.907342e-05	1.262465e+06	-9.904613e-05
9.824077573493578e-03	-5.304889e+01	-1.682646e+00	-5.203134e-04	-9.522275e-05	1.288537e+06	-9.504426e-05
9.824462513386105e-03	-5.254971e+01	-1.698775e+00	-5.132101e-04	-9.236749e-05	1.299422e+06	-9.210603e-05
9.825225242834872e-03	-5.155759e+01	-1.730249e+00	-5.008368e-04	-8.840669e-05	1.288162e+06	-8.806906e-05
9.826497714163876e-03	-4.992804e+01	-1.781310e+00	-4.827690e-04	-8.414174e-05	1.247750e+06	-8.382501e-05
9.828465968022228e-03	-4.751397e+01	-1.856864e+00	-4.577181e-04	-7.957344e-05	1.157910e+06	-7.923949e-05
9.831477297380140e-03	-4.414892e+01	-1.963516e+00	-4.235461e-04	-7.390563e-05	1.077016e+06	-7.358493e-05
9.834488626738051e-03	-4.102747e+01	-2.063506e+00	-3.918456e-04	-6.865370e-05	9.961222e+05	-6.834747e-05
9.837499956095962e-03	-3.814962e+01	-2.156835e+00	-3.626164e-04	-6.381765e-05	9.152285e+05	-6.352711e-05
9.840511285453874e-03	-3.551536e+01	-2.243503e+00	-3.358587e-04	-5.939748e-05	8.343348e+05	-5.912385e-05
9.843522614811785e-03	-3.312470e+01	-2.323510e+00	-3.115723e-04	-5.539319e-05	7.534411e+05	-5.513769e-05
9.846533944169697e-03	-3.097764e+01	-2.396855e+00	-2.897574e-04	-5.180478e-05	6.725474e+05	-5.156863e-05
9.849545273527608e-03	-2.907418e+01	-2.463539e+00	-2.704138e-04	-4.863225e-05	6.024869e+05	-4.841667e-05
9.852773777236503e-03	-2.719690e+01	-2.530346e+00	-2.513159e-04	-4.549137e-05	5.604557e+05	-4.529047e-05
9.856002280945400e-03	-2.545531e+01	-2.593143e+00	-2.335906e-04	-4.257715e-05	5.184245e+05	-4.239025e-05
9.859230784654295e-03	-2.384943e+01	-2.651930e+00	-2.172378e-04	-3.988959e-05	4.763934e+05	-3.971599e-05
9.862459288363190e-03	-2.237924e+01	-2.706706e+00	-2.022576e-04	-3.742869e-05	4.343622e+05	-3.726772e-05
9.865687792072085e-03	-2.104475e+01	-2.757471e+00	-1.886500e-04	-3.519444e-05	3.923311e+05	-3.504541e-05
9.868916295780981e-03	-1.984595e+01	-2.804226e+00	-1.764150e-04	-3.318685e-05	3.502999e+05	-3.304909e-05
9.872144799489876e-03	-1.878286e+01	-2.846970e+00	-1.655525e-04	-3.140592e-05	3.022000e+05	-3.127873e-05
9.877491374650242e-03	-1.716712e+01	-2.912778e+00	-1.489731e-04	-2.869008e-05	2.913386e+05	-2.858808e-05
9.880268792547850e-03	-1.641602e+01	-2.944075e+00	-1.412333e-04	-2.742162e-05	2.571248e+05	-2.733729e-05
9.884085020524624e-03	-1.547173e+01	-2.984096e+00	-1.314323e-04	-2.581833e-05	2.297146e+05	-2.576478e-05
9.889777677085574e-03	-1.423169e+01	-3.037796e+00	-1.184058e-04	-2.368646e-05	1.945567e+05	-2.369977e-05
9.899614900867347e-03	-1.245029e+01	-3.116639e+00	-9.948037e-05	-2.059388e-05	1.578109e+05	-2.073323e-05
9.915823068512896e-03	-1.012145e+01	-3.220199e+00	-7.540856e-05	-1.665921e-05	1.272128e+05	-1.685505e-05
9.933669689418140e-03	-8.118087e+00	-3.304934e+00	-5.550707e-05	-1.340170e-05	1.011078e+05	-1.351889e-05
9.951929362746685e-03	-6.470822e+00	-3.363973e+00	-3.920520e-05	-1.071644e-05	8.390397e+04	-1.077574e-05
9.970413150663732e-03	-5.035165e+00	-3.399466e+00	-2.497654e-05	-8.353157e-06	7.439222e+04	-8.384963e-06
9.990177753415232e-03	-3.625439e+00	-3.416834e+00	-1.114727e-05	-6.027476e-06	7.038591e+04	-6.037374e-06
1.000000000000000e-02	-2.952667e+00	-3.418532e+00	-4.598090e-06	-4.916773e-06	6.849467e+04	-4.917016e-06
