v1	V(a)	V(vcc)	I(R1)
0.000000000000000e+00	0.000000e+00	0.000000e+00	0.000000e+00
1.000000000000000e+00	9.961019e-01	1.000000e+00	8.293947e-07
2.000000000000000e+00	1.992204e+00	2.000000e+00	1.658789e-06
3.000000000000000e+00	2.988306e+00	3.000000e+00	2.488184e-06
4.000000000000000e+00	3.984407e+00	4.000000e+00	3.317579e-06
5.000000000000000e+00	4.980509e+00	5.000000e+00	4.146973e-06
6.000000000000000e+00	5.976611e+00	6.000000e+00	4.976368e-06
7.000000000000000e+00	6.972713e+00	7.000000e+00	5.805763e-06
8.000000000000000e+00	7.968815e+00	8.000000e+00	6.635158e-06
9.000000000000000e+00	8.964916e+00	9.000000e+00	7.464552e-06
1.000000000000000e+01	9.961019e+00	1.000000e+01	8.293947e-06
1.100000000000000e+01	1.095712e+01	1.100000e+01	9.123341e-06
1.200000000000000e+01	1.195322e+01	1.200000e+01	9.952736e-06
1.300000000000000e+01	1.294932e+01	1.300000e+01	1.078213e-05
1.400000000000000e+01	1.394543e+01	1.400000e+01	1.161153e-05
1.500000000000000e+01	1.494153e+01	1.500000e+01	1.244092e-05
1.600000000000000e+01	1.593763e+01	1.600000e+01	1.327032e-05
1.700000000000000e+01	1.693373e+01	1.700000e+01	1.409971e-05
1.800000000000000e+01	1.792983e+01	1.800000e+01	1.492910e-05
1.900000000000000e+01	1.892594e+01	1.900000e+01	1.575850e-05
2.000000000000000e+01	1.992204e+01	2.000000e+01	1.658789e-05
2.100000000000000e+01	2.091814e+01	2.100000e+01	1.741729e-05
2.200000000000000e+01	2.191424e+01	2.200000e+01	1.824668e-05
2.300000000000000e+01	2.291034e+01	2.300000e+01	1.907608e-05
2.400000000000000e+01	2.390644e+01	2.400000e+01	1.990547e-05
2.500000000000000e+01	2.490255e+01	2.500000e+01	2.073487e-05
2.600000000000000e+01	2.589865e+01	2.600000e+01	2.156426e-05
2.700000000000000e+01	2.689475e+01	2.700000e+01	2.239366e-05
2.800000000000000e+01	2.789085e+01	2.800000e+01	2.322305e-05
2.900000000000000e+01	2.888695e+01	2.900000e+01	2.405245e-05
3.000000000000000e+01	2.988305e+01	3.000000e+01	2.488184e-05
3.100000000000000e+01	3.087916e+01	3.100000e+01	2.571124e-05
3.200000000000000e+01	3.187526e+01	3.200000e+01	2.654063e-05
3.300000000000000e+01	3.287136e+01	3.300000e+01	2.737002e-05
3.400000000000000e+01	3.386746e+01	3.400000e+01	2.819942e-05
3.500000000000000e+01	3.486356e+01	3.500000e+01	2.902882e-05
3.600000000000000e+01	3.585966e+01	3.600000e+01	2.985821e-05
3.700000000000000e+01	3.685577e+01	3.700000e+01	3.068760e-05
3.800000000000000e+01	3.785187e+01	3.800000e+01	3.151700e-05
3.900000000000000e+01	3.884797e+01	3.900000e+01	3.234639e-05
4.000000000000000e+01	3.984407e+01	4.000000e+01	3.317579e-05
4.100000000000000e+01	4.084018e+01	4.100000e+01	3.400518e-05
4.200000000000000e+01	4.183628e+01	4.200000e+01	3.483458e-05
4.300000000000000e+01	4.283238e+01	4.300000e+01	3.566397e-05
4.400000000000000e+01	4.382848e+01	4.400000e+01	3.649337e-05
4.500000000000000e+01	4.482458e+01	4.500000e+01	3.732276e-05
4.600000000000000e+01	4.582069e+01	4.600000e+01	3.815216e-05
4.700000000000000e+01	4.681679e+01	4.700000e+01	3.898155e-05
4.800000000000000e+01	4.781289e+01	4.800000e+01	3.981094e-05
4.900000000000000e+01	4.880899e+01	4.900000e+01	4.064034e-05
5.000000000000000e+01	4.980509e+01	5.000000e+01	4.146974e-05
5.100000000000000e+01	5.080119e+01	5.100000e+01	4.229913e-05
5.200000000000000e+01	5.179729e+01	5.200000e+01	4.312853e-05
5.300000000000000e+01	5.279340e+01	5.300000e+01	4.395792e-05
5.400000000000000e+01	5.378950e+01	5.400000e+01	4.478731e-05
5.500000000000000e+01	5.478560e+01	5.500000e+01	4.561671e-05
5.600000000000000e+01	5.578170e+01	5.600000e+01	4.644610e-05
5.700000000000000e+01	5.677781e+01	5.700000e+01	4.727550e-05
5.800000000000000e+01	5.777391e+01	5.800000e+01	4.810489e-05
5.900000000000000e+01	5.877001e+01	5.900000e+01	4.893429e-05
6.000000000000000e+01	5.976611e+01	6.000000e+01	4.976368e-05
6.100000000000000e+01	6.076221e+01	6.100000e+01	5.059308e-05
6.200000000000000e+01	6.175832e+01	6.200000e+01	5.142247e-05
6.300000000000000e+01	6.275442e+01	6.300000e+01	5.225187e-05
6.400000000000000e+01	6.375052e+01	6.400000e+01	5.308126e-05
6.500000000000000e+01	6.474662e+01	6.500000e+01	5.391065e-05
6.600000000000000e+01	6.574272e+01	6.600000e+01	5.474005e-05
6.700000000000000e+01	6.673882e+01	6.700000e+01	5.556945e-05
6.800000000000000e+01	6.773492e+01	6.800000e+01	5.639884e-05
6.900000000000000e+01	6.873103e+01	6.900000e+01	5.722823e-05
7.000000000000000e+01	6.972713e+01	7.000000e+01	5.805763e-05
7.100000000000000e+01	7.072323e+01	7.100000e+01	5.888702e-05
7.200000000000000e+01	7.171933e+01	7.200000e+01	5.971642e-05
7.300000000000000e+01	7.271543e+01	7.300000e+01	6.054581e-05
7.400000000000000e+01	7.371154e+01	7.400000e+01	6.137521e-05
7.500000000000000e+01	7.470764e+01	7.500000e+01	6.220461e-05
7.600000000000000e+01	7.570374e+01	7.600000e+01	6.303400e-05
7.700000000000000e+01	7.669984e+01	7.700000e+01	6.386339e-05
7.800000000000000e+01	7.769595e+01	7.800000e+01	6.469279e-05
7.900000000000000e+01	7.869205e+01	7.900000e+01	6.552218e-05
8.000000000000000e+01	7.968815e+01	8.000000e+01	6.635157e-05
8.100000000000000e+01	8.068425e+01	8.100000e+01	6.718097e-05
8.200000000000000e+01	8.168035e+01	8.200000e+01	6.801036e-05
8.300000000000000e+01	8.267645e+01	8.300000e+01	6.883976e-05
8.400000000000000e+01	8.367255e+01	8.400000e+01	6.966916e-05
8.500000000000000e+01	8.466866e+01	8.500000e+01	7.049855e-05
8.600000000000000e+01	8.566476e+01	8.600000e+01	7.132794e-05
8.700000000000000e+01	8.666086e+01	8.700000e+01	7.215734e-05
8.800000000000000e+01	8.765696e+01	8.800000e+01	7.298673e-05
8.900000000000000e+01	8.865306e+01	8.900000e+01	7.381613e-05
9.000000000000000e+01	8.964916e+01	9.000000e+01	7.464553e-05
9.100000000000000e+01	9.064527e+01	9.100000e+01	7.547492e-05
9.200000000000000e+01	9.164137e+01	9.200000e+01	7.630431e-05
9.300000000000000e+01	9.263747e+01	9.300000e+01	7.713371e-05
9.400000000000000e+01	9.363358e+01	9.400000e+01	7.796310e-05
9.500000000000000e+01	9.462968e+01	9.500000e+01	7.879249e-05
9.600000000000000e+01	9.562578e+01	9.600000e+01	7.962189e-05
9.700000000000000e+01	9.662188e+01	9.700000e+01	8.045129e-05
9.800000000000000e+01	9.761798e+01	9.800000e+01	8.128068e-05
9.900000000000000e+01	9.861408e+01	9.900000e+01	8.211008e-05
1.000000000000000e+02	9.961018e+01	1.000000e+02	8.293947e-05
1.010000000000000e+02	1.006063e+02	1.010000e+02	8.376886e-05
1.020000000000000e+02	1.016024e+02	1.020000e+02	8.459826e-05
1.030000000000000e+02	1.025985e+02	1.030000e+02	8.542765e-05
1.040000000000000e+02	1.035946e+02	1.040000e+02	8.625705e-05
1.050000000000000e+02	1.045907e+02	1.050000e+02	8.708645e-05
1.060000000000000e+02	1.055868e+02	1.060000e+02	8.791584e-05
1.070000000000000e+02	1.065829e+02	1.070000e+02	8.874523e-05
1.080000000000000e+02	1.075790e+02	1.080000e+02	8.957463e-05
1.090000000000000e+02	1.085751e+02	1.090000e+02	9.040402e-05
1.100000000000000e+02	1.095712e+02	1.100000e+02	9.123341e-05
1.110000000000000e+02	1.105673e+02	1.110000e+02	9.206282e-05
1.120000000000000e+02	1.115634e+02	1.120000e+02	9.289221e-05
1.130000000000000e+02	1.125595e+02	1.130000e+02	9.372160e-05
1.140000000000000e+02	1.135556e+02	1.140000e+02	9.455100e-05
1.150000000000000e+02	1.145517e+02	1.150000e+02	9.538039e-05
1.160000000000000e+02	1.155478e+02	1.160000e+02	9.620978e-05
1.170000000000000e+02	1.165439e+02	1.170000e+02	9.703918e-05
1.180000000000000e+02	1.175400e+02	1.180000e+02	9.786858e-05
1.190000000000000e+02	1.185361e+02	1.190000e+02	9.869797e-05
1.200000000000000e+02	1.195322e+02	1.200000e+02	9.952737e-05
1.210000000000000e+02	1.205283e+02	1.210000e+02	1.003568e-04
1.220000000000000e+02	1.215244e+02	1.220000e+02	1.011862e-04
1.230000000000000e+02	1.225205e+02	1.230000e+02	1.020155e-04
1.240000000000000e+02	1.235166e+02	1.240000e+02	1.028449e-04
1.250000000000000e+02	1.245127e+02	1.250000e+02	1.036743e-04
1.260000000000000e+02	1.255088e+02	1.260000e+02	1.045037e-04
1.270000000000000e+02	1.265049e+02	1.270000e+02	1.053331e-04
1.280000000000000e+02	1.275010e+02	1.280000e+02	1.061625e-04
1.290000000000000e+02	1.284971e+02	1.290000e+02	1.069919e-04
1.300000000000000e+02	1.294932e+02	1.300000e+02	1.078213e-04
1.310000000000000e+02	1.304893e+02	1.310000e+02	1.086507e-04
1.320000000000000e+02	1.314854e+02	1.320000e+02	1.094801e-04
1.330000000000000e+02	1.324816e+02	1.330000e+02	1.103095e-04
1.340000000000000e+02	1.334776e+02	1.340000e+02	1.111389e-04
1.350000000000000e+02	1.344738e+02	1.350000e+02	1.119683e-04
1.360000000000000e+02	1.354698e+02	1.360000e+02	1.127977e-04
1.370000000000000e+02	1.364660e+02	1.370000e+02	1.136271e-04
1.380000000000000e+02	1.374621e+02	1.380000e+02	1.144565e-04
1.390000000000000e+02	1.384582e+02	1.390000e+02	1.152859e-04
1.400000000000000e+02	1.394543e+02	1.400000e+02	1.161153e-04
1.410000000000000e+02	1.404504e+02	1.410000e+02	1.169447e-04
1.420000000000000e+02	1.414465e+02	1.420000e+02	1.177740e-04
1.430000000000000e+02	1.424426e+02	1.430000e+02	1.186034e-04
1.440000000000000e+02	1.434387e+02	1.440000e+02	1.194328e-04
1.450000000000000e+02	1.444348e+02	1.450000e+02	1.202622e-04
1.460000000000000e+02	1.454309e+02	1.460000e+02	1.210916e-04
1.470000000000000e+02	1.464270e+02	1.470000e+02	1.219210e-04
1.480000000000000e+02	1.474231e+02	1.480000e+02	1.227504e-04
1.490000000000000e+02	1.484192e+02	1.490000e+02	1.235798e-04
1.500000000000000e+02	1.494153e+02	1.500000e+02	1.244092e-04
1.510000000000000e+02	1.504114e+02	1.510000e+02	1.252386e-04
1.520000000000000e+02	1.514075e+02	1.520000e+02	1.260680e-04
1.530000000000000e+02	1.524036e+02	1.530000e+02	1.268974e-04
1.540000000000000e+02	1.533997e+02	1.540000e+02	1.277268e-04
1.550000000000000e+02	1.543958e+02	1.550000e+02	1.285562e-04
1.560000000000000e+02	1.553919e+02	1.560000e+02	1.293856e-04
1.570000000000000e+02	1.563880e+02	1.570000e+02	1.302150e-04
1.580000000000000e+02	1.573841e+02	1.580000e+02	1.310444e-04
1.590000000000000e+02	1.583802e+02	1.590000e+02	1.318738e-04
1.600000000000000e+02	1.593763e+02	1.600000e+02	1.327031e-04
1.610000000000000e+02	1.603724e+02	1.610000e+02	1.335326e-04
1.620000000000000e+02	1.613685e+02	1.620000e+02	1.343619e-04
1.630000000000000e+02	1.623646e+02	1.630000e+02	1.351913e-04
1.640000000000000e+02	1.633607e+02	1.640000e+02	1.360207e-04
1.650000000000000e+02	1.643568e+02	1.650000e+02	1.368501e-04
1.660000000000000e+02	1.653529e+02	1.660000e+02	1.376795e-04
1.670000000000000e+02	1.663490e+02	1.670000e+02	1.385089e-04
1.680000000000000e+02	1.673451e+02	1.680000e+02	1.393383e-04
1.690000000000000e+02	1.683412e+02	1.690000e+02	1.401677e-04
1.700000000000000e+02	1.693373e+02	1.700000e+02	1.409971e-04
1.710000000000000e+02	1.703334e+02	1.710000e+02	1.418265e-04
1.720000000000000e+02	1.713295e+02	1.720000e+02	1.426559e-04
1.730000000000000e+02	1.723256e+02	1.730000e+02	1.434853e-04
1.740000000000000e+02	1.733217e+02	1.740000e+02	1.443147e-04
1.750000000000000e+02	1.743178e+02	1.750000e+02	1.451441e-04
1.760000000000000e+02	1.753139e+02	1.760000e+02	1.459735e-04
1.770000000000000e+02	1.763100e+02	1.770000e+02	1.468029e-04
1.780000000000000e+02	1.773061e+02	1.780000e+02	1.476323e-04
1.790000000000000e+02	1.783022e+02	1.790000e+02	1.484617e-04
1.800000000000000e+02	1.792983e+02	1.800000e+02	1.492911e-04
1.810000000000000e+02	1.802944e+02	1.810000e+02	1.501204e-04
1.820000000000000e+02	1.812905e+02	1.820000e+02	1.509498e-04
1.830000000000000e+02	1.822866e+02	1.830000e+02	1.517792e-04
1.840000000000000e+02	1.832827e+02	1.840000e+02	1.526086e-04
1.850000000000000e+02	1.842788e+02	1.850000e+02	1.534380e-04
1.860000000000000e+02	1.852749e+02	1.860000e+02	1.542674e-04
1.870000000000000e+02	1.862710e+02	1.870000e+02	1.550968e-04
1.880000000000000e+02	1.872672e+02	1.880000e+02	1.559262e-04
1.890000000000000e+02	1.882632e+02	1.890000e+02	1.567556e-04
1.900000000000000e+02	1.892594e+02	1.900000e+02	1.575850e-04
1.910000000000000e+02	1.902554e+02	1.910000e+02	1.584144e-04
1.920000000000000e+02	1.912516e+02	1.920000e+02	1.592438e-04
1.930000000000000e+02	1.922477e+02	1.930000e+02	1.600732e-04
1.940000000000000e+02	1.932438e+02	1.940000e+02	1.609026e-04
1.950000000000000e+02	1.942399e+02	1.950000e+02	1.617320e-04
1.960000000000000e+02	1.952360e+02	1.960000e+02	1.625614e-04
1.970000000000000e+02	1.962321e+02	1.970000e+02	1.633908e-04
1.980000000000000e+02	1.972282e+02	1.980000e+02	1.642202e-04
1.990000000000000e+02	1.982243e+02	1.990000e+02	1.650496e-04
2.000000000000000e+02	1.992204e+02	2.000000e+02	1.658789e-04
2.010000000000000e+02	2.002165e+02	2.010000e+02	1.667083e-04
2.020000000000000e+02	2.012126e+02	2.020000e+02	1.675377e-04
2.030000000000000e+02	2.022087e+02	2.030000e+02	1.683671e-04
2.040000000000000e+02	2.032048e+02	2.040000e+02	1.691965e-04
2.050000000000000e+02	2.042009e+02	2.050000e+02	1.700259e-04
2.060000000000000e+02	2.051970e+02	2.060000e+02	1.708553e-04
2.070000000000000e+02	2.061931e+02	2.070000e+02	1.716847e-04
2.080000000000000e+02	2.071892e+02	2.080000e+02	1.725141e-04
2.090000000000000e+02	2.081853e+02	2.090000e+02	1.733435e-04
2.100000000000000e+02	2.091814e+02	2.100000e+02	1.741729e-04
2.110000000000000e+02	2.101775e+02	2.110000e+02	1.750023e-04
2.120000000000000e+02	2.111736e+02	2.120000e+02	1.758317e-04
2.130000000000000e+02	2.121697e+02	2.130000e+02	1.766611e-04
2.140000000000000e+02	2.131658e+02	2.140000e+02	1.774905e-04
2.150000000000000e+02	2.141619e+02	2.150000e+02	1.783199e-04
2.160000000000000e+02	2.151580e+02	2.160000e+02	1.791493e-04
2.170000000000000e+02	2.161541e+02	2.170000e+02	1.799787e-04
2.180000000000000e+02	2.171502e+02	2.180000e+02	1.808080e-04
2.190000000000000e+02	2.181463e+02	2.190000e+02	1.816374e-04
2.200000000000000e+02	2.191424e+02	2.200000e+02	1.824668e-04
2.210000000000000e+02	2.201385e+02	2.210000e+02	1.832962e-04
2.220000000000000e+02	2.211346e+02	2.220000e+02	1.841256e-04
2.230000000000000e+02	2.221307e+02	2.230000e+02	1.849550e-04
2.240000000000000e+02	2.231268e+02	2.240000e+02	1.857844e-04
2.250000000000000e+02	2.241229e+02	2.250000e+02	1.866138e-04
2.260000000000000e+02	2.251190e+02	2.260000e+02	1.874432e-04
2.270000000000000e+02	2.261151e+02	2.270000e+02	1.882726e-04
2.280000000000000e+02	2.271112e+02	2.280000e+02	1.891020e-04
2.290000000000000e+02	2.281073e+02	2.290000e+02	1.899314e-04
2.300000000000000e+02	2.291034e+02	2.300000e+02	1.907608e-04
2.310000000000000e+02	2.300995e+02	2.310000e+02	1.915902e-04
2.320000000000000e+02	2.310956e+02	2.320000e+02	1.924196e-04
2.330000000000000e+02	2.320917e+02	2.330000e+02	1.932490e-04
2.340000000000000e+02	2.330878e+02	2.340000e+02	1.940784e-04
2.350000000000000e+02	2.340839e+02	2.350000e+02	1.949078e-04
2.360000000000000e+02	2.350800e+02	2.360000e+02	1.957372e-04
2.370000000000000e+02	2.360761e+02	2.370000e+02	1.965665e-04
2.380000000000000e+02	2.370722e+02	2.380000e+02	1.973959e-04
2.390000000000000e+02	2.380683e+02	2.390000e+02	1.982253e-04
2.400000000000000e+02	2.390644e+02	2.400000e+02	1.990547e-04
2.410000000000000e+02	2.400605e+02	2.410000e+02	1.998841e-04
2.420000000000000e+02	2.410566e+02	2.420000e+02	2.007135e-04
2.430000000000000e+02	2.420527e+02	2.430000e+02	2.015429e-04
2.440000000000000e+02	2.430488e+02	2.440000e+02	2.023723e-04
2.450000000000000e+02	2.440450e+02	2.450000e+02	2.032017e-04
2.460000000000000e+02	2.450411e+02	2.460000e+02	2.040311e-04
2.470000000000000e+02	2.460372e+02	2.470000e+02	2.048605e-04
2.480000000000000e+02	2.470333e+02	2.480000e+02	2.056899e-04
2.490000000000000e+02	2.480294e+02	2.490000e+02	2.065193e-04
2.500000000000000e+02	2.490255e+02	2.500000e+02	2.073487e-04
2.510000000000000e+02	2.500216e+02	2.510000e+02	2.081781e-04
2.520000000000000e+02	2.510177e+02	2.520000e+02	2.090075e-04
2.530000000000000e+02	2.520138e+02	2.530000e+02	2.098369e-04
2.540000000000000e+02	2.530099e+02	2.540000e+02	2.106663e-04
2.550000000000000e+02	2.540060e+02	2.550000e+02	2.114957e-04
2.560000000000000e+02	2.550021e+02	2.560000e+02	2.123251e-04
2.570000000000000e+02	2.559982e+02	2.570000e+02	2.131544e-04
2.580000000000000e+02	2.569943e+02	2.580000e+02	2.139838e-04
2.590000000000000e+02	2.579904e+02	2.590000e+02	2.148132e-04
2.600000000000000e+02	2.589865e+02	2.600000e+02	2.156426e-04
2.610000000000000e+02	2.599826e+02	2.610000e+02	2.164720e-04
2.620000000000000e+02	2.609787e+02	2.620000e+02	2.173014e-04
2.630000000000000e+02	2.619748e+02	2.630000e+02	2.181308e-04
2.640000000000000e+02	2.629709e+02	2.640000e+02	2.189602e-04
2.650000000000000e+02	2.639670e+02	2.650000e+02	2.197896e-04
2.660000000000000e+02	2.649631e+02	2.660000e+02	2.206190e-04
2.670000000000000e+02	2.659592e+02	2.670000e+02	2.214484e-04
2.680000000000000e+02	2.669553e+02	2.680000e+02	2.222778e-04
2.690000000000000e+02	2.679514e+02	2.690000e+02	2.231072e-04
2.700000000000000e+02	2.689475e+02	2.700000e+02	2.239366e-04
2.710000000000000e+02	2.699436e+02	2.710000e+02	2.247660e-04
2.720000000000000e+02	2.709397e+02	2.720000e+02	2.255954e-04
2.730000000000000e+02	2.719358e+02	2.730000e+02	2.264248e-04
2.740000000000000e+02	2.729319e+02	2.740000e+02	2.272542e-04
2.750000000000000e+02	2.739280e+02	2.750000e+02	2.280836e-04
2.760000000000000e+02	2.749241e+02	2.760000e+02	2.289130e-04
2.770000000000000e+02	2.759202e+02	2.770000e+02	2.297423e-04
2.780000000000000e+02	2.769163e+02	2.780000e+02	2.305717e-04
2.790000000000000e+02	2.779124e+02	2.790000e+02	2.314011e-04
2.800000000000000e+02	2.789085e+02	2.800000e+02	2.322305e-04
2.810000000000000e+02	2.799046e+02	2.810000e+02	2.330599e-04
2.820000000000000e+02	2.809007e+02	2.820000e+02	2.338893e-04
2.830000000000000e+02	2.818968e+02	2.830000e+02	2.347187e-04
2.840000000000000e+02	2.828929e+02	2.840000e+02	2.355481e-04
2.850000000000000e+02	2.838890e+02	2.850000e+02	2.363775e-04
2.860000000000000e+02	2.848851e+02	2.860000e+02	2.372069e-04
2.870000000000000e+02	2.858812e+02	2.870000e+02	2.380363e-04
2.880000000000000e+02	2.868773e+02	2.880000e+02	2.388657e-04
2.890000000000000e+02	2.878734e+02	2.890000e+02	2.396951e-04
2.900000000000000e+02	2.888695e+02	2.900000e+02	2.405245e-04
2.910000000000000e+02	2.898656e+02	2.910000e+02	2.413539e-04
2.920000000000000e+02	2.908617e+02	2.920000e+02	2.421833e-04
2.930000000000000e+02	2.918578e+02	2.930000e+02	2.430127e-04
2.940000000000000e+02	2.928539e+02	2.940000e+02	2.438421e-04
2.950000000000000e+02	2.938500e+02	2.950000e+02	2.446715e-04
2.960000000000000e+02	2.948462e+02	2.960000e+02	2.455009e-04
2.970000000000000e+02	2.958423e+02	2.970000e+02	2.463303e-04
2.980000000000000e+02	2.968383e+02	2.980000e+02	2.471597e-04
2.990000000000000e+02	2.978344e+02	2.990000e+02	2.479891e-04
3.000000000000000e+02	2.988306e+02	3.000000e+02	2.488185e-04
3.010000000000000e+02	2.998267e+02	3.010000e+02	2.496479e-04
3.020000000000000e+02	3.008228e+02	3.020000e+02	2.504772e-04
3.030000000000000e+02	3.018188e+02	3.030000e+02	2.513066e-04
3.040000000000000e+02	3.028150e+02	3.040000e+02	2.521360e-04
3.050000000000000e+02	3.038111e+02	3.050000e+02	2.529654e-04
3.060000000000000e+02	3.048072e+02	3.060000e+02	2.537948e-04
3.070000000000000e+02	3.058033e+02	3.070000e+02	2.546242e-04
3.080000000000000e+02	3.067994e+02	3.080000e+02	2.554536e-04
3.090000000000000e+02	3.077955e+02	3.090000e+02	2.562830e-04
3.100000000000000e+02	3.087916e+02	3.100000e+02	2.571124e-04
3.110000000000000e+02	3.097877e+02	3.110000e+02	2.579418e-04
3.120000000000000e+02	3.107838e+02	3.120000e+02	2.587712e-04
3.130000000000000e+02	3.117799e+02	3.130000e+02	2.596006e-04
3.140000000000000e+02	3.127760e+02	3.140000e+02	2.604300e-04
3.150000000000000e+02	3.137721e+02	3.150000e+02	2.612594e-04
3.160000000000000e+02	3.147682e+02	3.160000e+02	2.620888e-04
3.170000000000000e+02	3.157643e+02	3.170000e+02	2.629182e-04
3.180000000000000e+02	3.167604e+02	3.180000e+02	2.637476e-04
3.190000000000000e+02	3.177565e+02	3.190000e+02	2.645770e-04
3.200000000000000e+02	3.187526e+02	3.200000e+02	2.654064e-04
3.210000000000000e+02	3.197487e+02	3.210000e+02	2.662358e-04
3.220000000000000e+02	3.207448e+02	3.220000e+02	2.670652e-04
3.230000000000000e+02	3.217409e+02	3.230000e+02	2.678946e-04
3.240000000000000e+02	3.227370e+02	3.240000e+02	2.687240e-04
3.250000000000000e+02	3.237331e+02	3.250000e+02	2.695534e-04
3.260000000000000e+02	3.247292e+02	3.260000e+02	2.703828e-04
3.270000000000000e+02	3.257253e+02	3.270000e+02	2.712122e-04
3.280000000000000e+02	3.267214e+02	3.280000e+02	2.720416e-04
3.290000000000000e+02	3.277175e+02	3.290000e+02	2.728710e-04
3.300000000000000e+02	3.287136e+02	3.300000e+02	2.737003e-04
3.310000000000000e+02	3.297097e+02	3.310000e+02	2.745297e-04
3.320000000000000e+02	3.307058e+02	3.320000e+02	2.753591e-04
3.330000000000000e+02	3.317019e+02	3.330000e+02	2.761885e-04
3.340000000000000e+02	3.326980e+02	3.340000e+02	2.770179e-04
3.350000000000000e+02	3.336941e+02	3.350000e+02	2.778473e-04
3.360000000000000e+02	3.346902e+02	3.360000e+02	2.786767e-04
3.370000000000000e+02	3.356863e+02	3.370000e+02	2.795061e-04
3.380000000000000e+02	3.366824e+02	3.380000e+02	2.803355e-04
3.390000000000000e+02	3.376785e+02	3.390000e+02	2.811649e-04
3.400000000000000e+02	3.386746e+02	3.400000e+02	2.819943e-04
3.410000000000000e+02	3.396707e+02	3.410000e+02	2.828237e-04
3.420000000000000e+02	3.406668e+02	3.420000e+02	2.836531e-04
3.430000000000000e+02	3.416629e+02	3.430000e+02	2.844825e-04
3.440000000000000e+02	3.426590e+02	3.440000e+02	2.853119e-04
3.450000000000000e+02	3.436551e+02	3.450000e+02	2.861413e-04
3.460000000000000e+02	3.446512e+02	3.460000e+02	2.869707e-04
3.470000000000000e+02	3.456473e+02	3.470000e+02	2.878001e-04
3.480000000000000e+02	3.466434e+02	3.480000e+02	2.886295e-04
3.490000000000000e+02	3.476396e+02	3.490000e+02	2.894589e-04
3.500000000000000e+02	3.486357e+02	3.500000e+02	2.902883e-04
3.510000000000000e+02	3.496317e+02	3.510000e+02	2.911177e-04
3.520000000000000e+02	3.506278e+02	3.520000e+02	2.919471e-04
3.530000000000000e+02	3.516240e+02	3.530000e+02	2.927765e-04
3.540000000000000e+02	3.526201e+02	3.540000e+02	2.936059e-04
3.550000000000000e+02	3.536161e+02	3.550000e+02	2.944353e-04
3.560000000000000e+02	3.546122e+02	3.560000e+02	2.952647e-04
3.570000000000000e+02	3.556084e+02	3.570000e+02	2.960941e-04
3.580000000000000e+02	3.566045e+02	3.580000e+02	2.969235e-04
3.590000000000000e+02	3.576006e+02	3.590000e+02	2.977529e-04
3.600000000000000e+02	3.585966e+02	3.600000e+02	2.985823e-04
3.610000000000000e+02	3.595928e+02	3.610000e+02	2.994117e-04
3.620000000000000e+02	3.605889e+02	3.620000e+02	3.002411e-04
3.630000000000000e+02	3.615850e+02	3.630000e+02	3.010706e-04
3.640000000000000e+02	3.625811e+02	3.640000e+02	3.019000e-04
3.650000000000000e+02	3.635772e+02	3.650000e+02	3.027294e-04
3.660000000000000e+02	3.645733e+02	3.660000e+02	3.035588e-04
3.670000000000000e+02	3.655694e+02	3.670000e+02	3.043882e-04
3.680000000000000e+02	3.665655e+02	3.680000e+02	3.052176e-04
3.690000000000000e+02	3.675616e+02	3.690000e+02	3.060470e-04
3.700000000000000e+02	3.685577e+02	3.700000e+02	3.068764e-04
3.710000000000000e+02	3.695538e+02	3.710000e+02	3.077058e-04
3.720000000000000e+02	3.705499e+02	3.720000e+02	3.085352e-04
3.730000000000000e+02	3.715460e+02	3.730000e+02	3.093646e-04
3.740000000000000e+02	3.725421e+02	3.740000e+02	3.101940e-04
3.750000000000000e+02	3.735382e+02	3.750000e+02	3.110234e-04
3.760000000000000e+02	3.745343e+02	3.760000e+02	3.118528e-04
3.770000000000000e+02	3.755304e+02	3.770000e+02	3.126822e-04
3.780000000000000e+02	3.765265e+02	3.780000e+02	3.135116e-04
3.790000000000000e+02	3.775226e+02	3.790000e+02	3.143410e-04
3.800000000000000e+02	3.785187e+02	3.800000e+02	3.151705e-04
3.810000000000000e+02	3.795148e+02	3.810000e+02	3.159999e-04
3.820000000000000e+02	3.805109e+02	3.820000e+02	3.168293e-04
3.830000000000000e+02	3.815070e+02	3.830000e+02	3.176587e-04
3.840000000000000e+02	3.825031e+02	3.840000e+02	3.184881e-04
3.850000000000000e+02	3.834992e+02	3.850000e+02	3.193175e-04
3.860000000000000e+02	3.844953e+02	3.860000e+02	3.201469e-04
3.870000000000000e+02	3.854914e+02	3.870000e+02	3.209763e-04
3.880000000000000e+02	3.864875e+02	3.880000e+02	3.218058e-04
3.890000000000000e+02	3.874836e+02	3.890000e+02	3.226352e-04
3.900000000000000e+02	3.884797e+02	3.900000e+02	3.234646e-04
3.910000000000000e+02	3.894758e+02	3.910000e+02	3.242940e-04
3.920000000000000e+02	3.904719e+02	3.920000e+02	3.251234e-04
3.930000000000000e+02	3.914680e+02	3.930000e+02	3.259528e-04
3.940000000000000e+02	3.924641e+02	3.940000e+02	3.267823e-04
3.950000000000000e+02	3.934602e+02	3.950000e+02	3.276117e-04
3.960000000000000e+02	3.944563e+02	3.960000e+02	3.284411e-04
3.970000000000000e+02	3.954524e+02	3.970000e+02	3.292705e-04
3.980000000000000e+02	3.964485e+02	3.980000e+02	3.300999e-04
3.990000000000000e+02	3.974446e+02	3.990000e+02	3.309294e-04
4.000000000000000e+02	3.984407e+02	4.000000e+02	3.317588e-04
4.010000000000000e+02	3.994368e+02	4.010000e+02	3.325882e-04
4.020000000000000e+02	4.004329e+02	4.020000e+02	3.334176e-04
4.030000000000000e+02	4.014290e+02	4.030000e+02	3.342470e-04
4.040000000000000e+02	4.024251e+02	4.040000e+02	3.350765e-04
4.050000000000000e+02	4.034212e+02	4.050000e+02	3.359059e-04
4.060000000000000e+02	4.044174e+02	4.060000e+02	3.367353e-04
4.070000000000000e+02	4.054135e+02	4.070000e+02	3.375647e-04
4.080000000000000e+02	4.064095e+02	4.080000e+02	3.383942e-04
4.090000000000000e+02	4.074056e+02	4.090000e+02	3.392236e-04
4.100000000000000e+02	4.084018e+02	4.100000e+02	3.400530e-04
4.110000000000000e+02	4.093979e+02	4.110000e+02	3.408825e-04
4.120000000000000e+02	4.103940e+02	4.120000e+02	3.417119e-04
4.130000000000000e+02	4.113900e+02	4.130000e+02	3.425413e-04
4.140000000000000e+02	4.123862e+02	4.140000e+02	3.433708e-04
4.150000000000000e+02	4.133823e+02	4.150000e+02	3.442002e-04
4.160000000000000e+02	4.143784e+02	4.160000e+02	3.450296e-04
4.170000000000000e+02	4.153745e+02	4.170000e+02	3.458591e-04
4.180000000000000e+02	4.163706e+02	4.180000e+02	3.466885e-04
4.190000000000000e+02	4.173667e+02	4.190000e+02	3.475180e-04
4.200000000000000e+02	4.183628e+02	4.200000e+02	3.483474e-04
4.210000000000000e+02	4.193589e+02	4.210000e+02	3.491768e-04
4.220000000000000e+02	4.203550e+02	4.220000e+02	3.500063e-04
4.230000000000000e+02	4.213511e+02	4.230000e+02	3.508357e-04
4.240000000000000e+02	4.223472e+02	4.240000e+02	3.516652e-04
4.250000000000000e+02	4.233433e+02	4.250000e+02	3.524947e-04
4.260000000000000e+02	4.243394e+02	4.260000e+02	3.533241e-04
4.270000000000000e+02	4.253355e+02	4.270000e+02	3.541535e-04
4.280000000000000e+02	4.263316e+02	4.280000e+02	3.549830e-04
4.290000000000000e+02	4.273277e+02	4.290000e+02	3.558125e-04
4.300000000000000e+02	4.283238e+02	4.300000e+02	3.566419e-04
4.310000000000000e+02	4.293199e+02	4.310000e+02	3.574714e-04
4.320000000000000e+02	4.303160e+02	4.320000e+02	3.583008e-04
4.330000000000000e+02	4.313121e+02	4.330000e+02	3.591303e-04
4.340000000000000e+02	4.323082e+02	4.340000e+02	3.599598e-04
4.350000000000000e+02	4.333043e+02	4.350000e+02	3.607892e-04
4.360000000000000e+02	4.343004e+02	4.360000e+02	3.616187e-04
4.370000000000000e+02	4.352965e+02	4.370000e+02	3.624482e-04
4.380000000000000e+02	4.362926e+02	4.380000e+02	3.632776e-04
4.390000000000000e+02	4.372887e+02	4.390000e+02	3.641071e-04
4.400000000000000e+02	4.382848e+02	4.400000e+02	3.649366e-04
4.410000000000000e+02	4.392809e+02	4.410000e+02	3.657661e-04
4.420000000000000e+02	4.402770e+02	4.420000e+02	3.665955e-04
4.430000000000000e+02	4.412731e+02	4.430000e+02	3.674250e-04
4.440000000000000e+02	4.422692e+02	4.440000e+02	3.682545e-04
4.450000000000000e+02	4.432653e+02	4.450000e+02	3.690840e-04
4.460000000000000e+02	4.442614e+02	4.460000e+02	3.699135e-04
4.470000000000000e+02	4.452575e+02	4.470000e+02	3.707430e-04
4.480000000000000e+02	4.462536e+02	4.480000e+02	3.715725e-04
4.490000000000000e+02	4.472497e+02	4.490000e+02	3.724020e-04
4.500000000000000e+02	4.482458e+02	4.500000e+02	3.732315e-04
4.510000000000000e+02	4.492419e+02	4.510000e+02	3.740610e-04
4.520000000000000e+02	4.502380e+02	4.520000e+02	3.748905e-04
4.530000000000000e+02	4.512341e+02	4.530000e+02	3.757200e-04
4.540000000000000e+02	4.522302e+02	4.540000e+02	3.765495e-04
4.550000000000000e+02	4.532263e+02	4.550000e+02	3.773790e-04
4.560000000000000e+02	4.542224e+02	4.560000e+02	3.782085e-04
4.570000000000000e+02	4.552185e+02	4.570000e+02	3.790380e-04
4.580000000000000e+02	4.562146e+02	4.580000e+02	3.798675e-04
4.590000000000000e+02	4.572107e+02	4.590000e+02	3.806970e-04
4.600000000000000e+02	4.582068e+02	4.600000e+02	3.815266e-04
4.610000000000000e+02	4.592029e+02	4.610000e+02	3.823561e-04
4.620000000000000e+02	4.601990e+02	4.620000e+02	3.831856e-04
4.630000000000000e+02	4.611951e+02	4.630000e+02	3.840152e-04
4.640000000000000e+02	4.621912e+02	4.640000e+02	3.848447e-04
4.650000000000000e+02	4.631873e+02	4.650000e+02	3.856742e-04
4.660000000000000e+02	4.641834e+02	4.660000e+02	3.865038e-04
4.670000000000000e+02	4.651795e+02	4.670000e+02	3.873333e-04
4.680000000000000e+02	4.661756e+02	4.680000e+02	3.881629e-04
4.690000000000000e+02	4.671717e+02	4.690000e+02	3.889924e-04
4.700000000000000e+02	4.681678e+02	4.700000e+02	3.898220e-04
4.710000000000000e+02	4.691639e+02	4.710000e+02	3.906515e-04
4.720000000000000e+02	4.701600e+02	4.720000e+02	3.914811e-04
4.730000000000000e+02	4.711561e+02	4.730000e+02	3.923106e-04
4.740000000000000e+02	4.721523e+02	4.740000e+02	3.931402e-04
4.750000000000000e+02	4.731483e+02	4.750000e+02	3.939698e-04
4.760000000000000e+02	4.741444e+02	4.760000e+02	3.947993e-04
4.770000000000000e+02	4.751405e+02	4.770000e+02	3.956289e-04
4.780000000000000e+02	4.761367e+02	4.780000e+02	3.964585e-04
4.790000000000000e+02	4.771328e+02	4.790000e+02	3.972881e-04
4.800000000000000e+02	4.781288e+02	4.800000e+02	3.981177e-04
4.810000000000000e+02	4.791249e+02	4.810000e+02	3.989472e-04
4.820000000000000e+02	4.801211e+02	4.820000e+02	3.997769e-04
4.830000000000000e+02	4.811172e+02	4.830000e+02	4.006064e-04
4.840000000000000e+02	4.821133e+02	4.840000e+02	4.014360e-04
4.850000000000000e+02	4.831093e+02	4.850000e+02	4.022656e-04
4.860000000000000e+02	4.841054e+02	4.860000e+02	4.030952e-04
4.870000000000000e+02	4.851016e+02	4.870000e+02	4.039248e-04
4.880000000000000e+02	4.860977e+02	4.880000e+02	4.047544e-04
4.890000000000000e+02	4.870938e+02	4.890000e+02	4.055841e-04
4.900000000000000e+02	4.880898e+02	4.900000e+02	4.064137e-04
4.910000000000000e+02	4.890860e+02	4.910000e+02	4.072433e-04
4.920000000000000e+02	4.900821e+02	4.920000e+02	4.080729e-04
4.930000000000000e+02	4.910782e+02	4.930000e+02	4.089026e-04
4.940000000000000e+02	4.920742e+02	4.940000e+02	4.097322e-04
4.950000000000000e+02	4.930704e+02	4.950000e+02	4.105618e-04
4.960000000000000e+02	4.940665e+02	4.960000e+02	4.113914e-04
4.970000000000000e+02	4.950626e+02	4.970000e+02	4.122211e-04
4.980000000000000e+02	4.960587e+02	4.980000e+02	4.130507e-04
4.990000000000000e+02	4.970547e+02	4.990000e+02	4.138804e-04
5.000000000000000e+02	4.980509e+02	5.000000e+02	4.147100e-04
5.010000000000000e+02	4.990470e+02	5.010000e+02	4.155397e-04
5.020000000000000e+02	5.000431e+02	5.020000e+02	4.163693e-04
5.030000000000000e+02	5.010392e+02	5.030000e+02	4.171990e-04
5.040000000000000e+02	5.020353e+02	5.040000e+02	4.180286e-04
5.050000000000000e+02	5.030314e+02	5.050000e+02	4.188583e-04
5.060000000000000e+02	5.040275e+02	5.060000e+02	4.196880e-04
5.070000000000000e+02	5.050236e+02	5.070000e+02	4.205176e-04
5.080000000000000e+02	5.060197e+02	5.080000e+02	4.213473e-04
5.090000000000000e+02	5.070158e+02	5.090000e+02	4.221770e-04
5.100000000000000e+02	5.080119e+02	5.100000e+02	4.230067e-04
5.110000000000000e+02	5.090080e+02	5.110000e+02	4.238364e-04
5.120000000000000e+02	5.100041e+02	5.120000e+02	4.246660e-04
5.130000000000000e+02	5.110002e+02	5.130000e+02	4.254957e-04
5.140000000000000e+02	5.119963e+02	5.140000e+02	4.263254e-04
5.150000000000000e+02	5.129924e+02	5.150000e+02	4.271551e-04
5.160000000000000e+02	5.139885e+02	5.160000e+02	4.279848e-04
5.170000000000000e+02	5.149846e+02	5.170000e+02	4.288145e-04
5.180000000000000e+02	5.159807e+02	5.180000e+02	4.296442e-04
5.190000000000000e+02	5.169767e+02	5.190000e+02	4.304739e-04
5.200000000000000e+02	5.179729e+02	5.200000e+02	4.313037e-04
5.210000000000000e+02	5.189690e+02	5.210000e+02	4.321334e-04
5.220000000000000e+02	5.199651e+02	5.220000e+02	4.329631e-04
5.230000000000000e+02	5.209612e+02	5.230000e+02	4.337928e-04
5.240000000000000e+02	5.219573e+02	5.240000e+02	4.346225e-04
5.250000000000000e+02	5.229534e+02	5.250000e+02	4.354523e-04
5.260000000000000e+02	5.239495e+02	5.260000e+02	4.362820e-04
5.270000000000000e+02	5.249456e+02	5.270000e+02	4.371117e-04
5.280000000000000e+02	5.259417e+02	5.280000e+02	4.379415e-04
5.290000000000000e+02	5.269378e+02	5.290000e+02	4.387712e-04
5.300000000000000e+02	5.279339e+02	5.300000e+02	4.396009e-04
5.310000000000000e+02	5.289300e+02	5.310000e+02	4.404307e-04
5.320000000000000e+02	5.299261e+02	5.320000e+02	4.412604e-04
5.330000000000000e+02	5.309222e+02	5.330000e+02	4.420902e-04
5.340000000000000e+02	5.319183e+02	5.340000e+02	4.429199e-04
5.350000000000000e+02	5.329144e+02	5.350000e+02	4.437497e-04
5.360000000000000e+02	5.339105e+02	5.360000e+02	4.445794e-04
5.370000000000000e+02	5.349066e+02	5.370000e+02	4.454092e-04
5.380000000000000e+02	5.359026e+02	5.380000e+02	4.462389e-04
5.390000000000000e+02	5.368988e+02	5.390000e+02	4.470687e-04
5.400000000000000e+02	5.378949e+02	5.400000e+02	4.478985e-04
5.410000000000000e+02	5.388910e+02	5.410000e+02	4.487282e-04
5.420000000000000e+02	5.398871e+02	5.420000e+02	4.495580e-04
5.430000000000000e+02	5.408832e+02	5.430000e+02	4.503878e-04
5.440000000000000e+02	5.418793e+02	5.440000e+02	4.512176e-04
5.450000000000000e+02	5.428754e+02	5.450000e+02	4.520473e-04
5.460000000000000e+02	5.438715e+02	5.460000e+02	4.528771e-04
5.470000000000000e+02	5.448676e+02	5.470000e+02	4.537069e-04
5.480000000000000e+02	5.458636e+02	5.480000e+02	4.545367e-04
5.490000000000000e+02	5.468598e+02	5.490000e+02	4.553665e-04
5.500000000000000e+02	5.478559e+02	5.500000e+02	4.561963e-04
5.510000000000000e+02	5.488520e+02	5.510000e+02	4.570261e-04
5.520000000000000e+02	5.498481e+02	5.520000e+02	4.578558e-04
5.530000000000000e+02	5.508442e+02	5.530000e+02	4.586857e-04
5.540000000000000e+02	5.518403e+02	5.540000e+02	4.595155e-04
5.550000000000000e+02	5.528364e+02	5.550000e+02	4.603452e-04
5.560000000000000e+02	5.538325e+02	5.560000e+02	4.611750e-04
5.570000000000000e+02	5.548286e+02	5.570000e+02	4.620049e-04
5.580000000000000e+02	5.558247e+02	5.580000e+02	4.628347e-04
5.590000000000000e+02	5.568208e+02	5.590000e+02	4.636645e-04
5.600000000000000e+02	5.578169e+02	5.600000e+02	4.644943e-04
5.610000000000000e+02	5.588130e+02	5.610000e+02	4.653241e-04
5.620000000000000e+02	5.598091e+02	5.620000e+02	4.661539e-04
5.630000000000000e+02	5.608052e+02	5.630000e+02	4.669837e-04
5.640000000000000e+02	5.618013e+02	5.640000e+02	4.678135e-04
5.650000000000000e+02	5.627974e+02	5.650000e+02	4.686434e-04
5.660000000000000e+02	5.637935e+02	5.660000e+02	4.694732e-04
5.670000000000000e+02	5.647896e+02	5.670000e+02	4.703030e-04
5.680000000000000e+02	5.657857e+02	5.680000e+02	4.711329e-04
5.690000000000000e+02	5.667818e+02	5.690000e+02	4.719627e-04
5.700000000000000e+02	5.677779e+02	5.700000e+02	4.727925e-04
5.710000000000000e+02	5.687740e+02	5.710000e+02	4.736223e-04
5.720000000000000e+02	5.697701e+02	5.720000e+02	4.744522e-04
5.730000000000000e+02	5.707662e+02	5.730000e+02	4.752820e-04
5.740000000000000e+02	5.717623e+02	5.740000e+02	4.761119e-04
5.750000000000000e+02	5.727584e+02	5.750000e+02	4.769417e-04
5.760000000000000e+02	5.737545e+02	5.760000e+02	4.777715e-04
5.770000000000000e+02	5.747505e+02	5.770000e+02	4.786014e-04
5.780000000000000e+02	5.757466e+02	5.780000e+02	4.794312e-04
5.790000000000000e+02	5.767428e+02	5.790000e+02	4.802611e-04
5.800000000000000e+02	5.777389e+02	5.800000e+02	4.810909e-04
5.810000000000000e+02	5.787350e+02	5.810000e+02	4.819208e-04
5.820000000000000e+02	5.797311e+02	5.820000e+02	4.827506e-04
5.830000000000000e+02	5.807272e+02	5.830000e+02	4.835805e-04
5.840000000000000e+02	5.817233e+02	5.840000e+02	4.844104e-04
5.850000000000000e+02	5.827194e+02	5.850000e+02	4.852402e-04
5.860000000000000e+02	5.837155e+02	5.860000e+02	4.860701e-04
5.870000000000000e+02	5.847115e+02	5.870000e+02	4.868999e-04
5.880000000000000e+02	5.857076e+02	5.880000e+02	4.877298e-04
5.890000000000000e+02	5.867038e+02	5.890000e+02	4.885597e-04
5.900000000000000e+02	5.876999e+02	5.900000e+02	4.893895e-04
5.910000000000000e+02	5.886960e+02	5.910000e+02	4.902194e-04
5.920000000000000e+02	5.896921e+02	5.920000e+02	4.910493e-04
5.930000000000000e+02	5.906882e+02	5.930000e+02	4.918791e-04
5.940000000000000e+02	5.916843e+02	5.940000e+02	4.927090e-04
5.950000000000000e+02	5.926804e+02	5.950000e+02	4.935389e-04
5.960000000000000e+02	5.936765e+02	5.960000e+02	4.943687e-04
5.970000000000000e+02	5.946725e+02	5.970000e+02	4.951986e-04
5.980000000000000e+02	5.956686e+02	5.980000e+02	4.960285e-04
5.990000000000000e+02	5.966648e+02	5.990000e+02	4.968584e-04
6.000000000000000e+02	5.976609e+02	6.000000e+02	4.976882e-04
6.010000000000000e+02	5.986570e+02	6.010000e+02	4.985181e-04
6.020000000000000e+02	5.996531e+02	6.020000e+02	4.993480e-04
6.030000000000000e+02	6.006492e+02	6.030000e+02	5.001779e-04
6.040000000000000e+02	6.016453e+02	6.040000e+02	5.010078e-04
6.050000000000000e+02	6.026414e+02	6.050000e+02	5.018377e-04
6.060000000000000e+02	6.036375e+02	6.060000e+02	5.026676e-04
6.070000000000000e+02	6.046335e+02	6.070000e+02	5.034974e-04
6.080000000000000e+02	6.056296e+02	6.080000e+02	5.043274e-04
6.090000000000000e+02	6.066257e+02	6.090000e+02	5.051572e-04
6.100000000000000e+02	6.076219e+02	6.100000e+02	5.059871e-04
6.110000000000000e+02	6.086180e+02	6.110000e+02	5.068170e-04
6.120000000000000e+02	6.096141e+02	6.120000e+02	5.076469e-04
6.130000000000000e+02	6.106102e+02	6.130000e+02	5.084768e-04
6.140000000000000e+02	6.116063e+02	6.140000e+02	5.093067e-04
6.150000000000000e+02	6.126024e+02	6.150000e+02	5.101366e-04
6.160000000000000e+02	6.135984e+02	6.160000e+02	5.109665e-04
6.170000000000000e+02	6.145945e+02	6.170000e+02	5.117964e-04
6.180000000000000e+02	6.155906e+02	6.180000e+02	5.126263e-04
6.190000000000000e+02	6.165867e+02	6.190000e+02	5.134562e-04
6.200000000000000e+02	6.175829e+02	6.200000e+02	5.142861e-04
6.210000000000000e+02	6.185790e+02	6.210000e+02	5.151160e-04
6.220000000000000e+02	6.195751e+02	6.220000e+02	5.159460e-04
6.230000000000000e+02	6.205712e+02	6.230000e+02	5.167758e-04
6.240000000000000e+02	6.215673e+02	6.240000e+02	5.176057e-04
6.250000000000000e+02	6.225634e+02	6.250000e+02	5.184357e-04
6.260000000000000e+02	6.235594e+02	6.260000e+02	5.192655e-04
6.270000000000000e+02	6.245555e+02	6.270000e+02	5.200955e-04
6.280000000000000e+02	6.255516e+02	6.280000e+02	5.209254e-04
6.290000000000000e+02	6.265477e+02	6.290000e+02	5.217553e-04
6.300000000000000e+02	6.275438e+02	6.300000e+02	5.225852e-04
6.310000000000000e+02	6.285400e+02	6.310000e+02	5.234152e-04
6.320000000000000e+02	6.295361e+02	6.320000e+02	5.242450e-04
6.330000000000000e+02	6.305322e+02	6.330000e+02	5.250750e-04
6.340000000000000e+02	6.315283e+02	6.340000e+02	5.259049e-04
6.350000000000000e+02	6.325244e+02	6.350000e+02	5.267348e-04
6.360000000000000e+02	6.335204e+02	6.360000e+02	5.275647e-04
6.370000000000000e+02	6.345165e+02	6.370000e+02	5.283947e-04
6.380000000000000e+02	6.355126e+02	6.380000e+02	5.292246e-04
6.390000000000000e+02	6.365087e+02	6.390000e+02	5.300545e-04
6.400000000000000e+02	6.375048e+02	6.400000e+02	5.308844e-04
6.410000000000000e+02	6.385009e+02	6.410000e+02	5.317144e-04
6.420000000000000e+02	6.394971e+02	6.420000e+02	5.325443e-04
6.430000000000000e+02	6.404932e+02	6.430000e+02	5.333742e-04
6.440000000000000e+02	6.414893e+02	6.440000e+02	5.342041e-04
6.450000000000000e+02	6.424854e+02	6.450000e+02	5.350341e-04
6.460000000000000e+02	6.434814e+02	6.460000e+02	5.358640e-04
6.470000000000000e+02	6.444775e+02	6.470000e+02	5.366939e-04
6.480000000000000e+02	6.454736e+02	6.480000e+02	5.375238e-04
6.490000000000000e+02	6.464697e+02	6.490000e+02	5.383538e-04
6.500000000000000e+02	6.474658e+02	6.500000e+02	5.391837e-04
6.510000000000000e+02	6.484619e+02	6.510000e+02	5.400137e-04
6.520000000000000e+02	6.494580e+02	6.520000e+02	5.408436e-04
6.530000000000000e+02	6.504542e+02	6.530000e+02	5.416735e-04
6.540000000000000e+02	6.514503e+02	6.540000e+02	5.425034e-04
6.550000000000000e+02	6.524464e+02	6.550000e+02	5.433334e-04
6.560000000000000e+02	6.534424e+02	6.560000e+02	5.441633e-04
6.570000000000000e+02	6.544385e+02	6.570000e+02	5.449933e-04
6.580000000000000e+02	6.554346e+02	6.580000e+02	5.458232e-04
6.590000000000000e+02	6.564307e+02	6.590000e+02	5.466531e-04
6.600000000000000e+02	6.574268e+02	6.600000e+02	5.474831e-04
6.610000000000000e+02	6.584229e+02	6.610000e+02	5.483130e-04
6.620000000000000e+02	6.594190e+02	6.620000e+02	5.491429e-04
6.630000000000000e+02	6.604151e+02	6.630000e+02	5.499729e-04
6.640000000000000e+02	6.614113e+02	6.640000e+02	5.508029e-04
6.650000000000000e+02	6.624073e+02	6.650000e+02	5.516328e-04
6.660000000000000e+02	6.634034e+02	6.660000e+02	5.524628e-04
6.670000000000000e+02	6.643995e+02	6.670000e+02	5.532927e-04
6.680000000000000e+02	6.653956e+02	6.680000e+02	5.541226e-04
6.690000000000000e+02	6.663917e+02	6.690000e+02	5.549526e-04
6.700000000000000e+02	6.673878e+02	6.700000e+02	5.557825e-04
6.710000000000000e+02	6.683839e+02	6.710000e+02	5.566125e-04
6.720000000000000e+02	6.693800e+02	6.720000e+02	5.574424e-04
6.730000000000000e+02	6.703761e+02	6.730000e+02	5.582724e-04
6.740000000000000e+02	6.713722e+02	6.740000e+02	5.591023e-04
6.750000000000000e+02	6.723683e+02	6.750000e+02	5.599323e-04
6.760000000000000e+02	6.733644e+02	6.760000e+02	5.607622e-04
6.770000000000000e+02	6.743605e+02	6.770000e+02	5.615922e-04
6.780000000000000e+02	6.753566e+02	6.780000e+02	5.624222e-04
6.790000000000000e+02	6.763527e+02	6.790000e+02	5.632521e-04
6.800000000000000e+02	6.773488e+02	6.800000e+02	5.640821e-04
6.810000000000000e+02	6.783449e+02	6.810000e+02	5.649120e-04
6.820000000000000e+02	6.793410e+02	6.820000e+02	5.657420e-04
6.830000000000000e+02	6.803371e+02	6.830000e+02	5.665719e-04
6.840000000000000e+02	6.813332e+02	6.840000e+02	5.674019e-04
6.850000000000000e+02	6.823293e+02	6.850000e+02	5.682318e-04
6.860000000000000e+02	6.833254e+02	6.860000e+02	5.690618e-04
6.870000000000000e+02	6.843215e+02	6.870000e+02	5.698918e-04
6.880000000000000e+02	6.853176e+02	6.880000e+02	5.707217e-04
6.890000000000000e+02	6.863137e+02	6.890000e+02	5.715517e-04
6.900000000000000e+02	6.873098e+02	6.900000e+02	5.723816e-04
6.910000000000000e+02	6.883059e+02	6.910000e+02	5.732116e-04
6.920000000000000e+02	6.893020e+02	6.920000e+02	5.740416e-04
6.930000000000000e+02	6.902981e+02	6.930000e+02	5.748715e-04
6.940000000000000e+02	6.912942e+02	6.940000e+02	5.757015e-04
6.950000000000000e+02	6.922903e+02	6.950000e+02	5.765315e-04
6.960000000000000e+02	6.932864e+02	6.960000e+02	5.773614e-04
6.970000000000000e+02	6.942825e+02	6.970000e+02	5.781914e-04
6.980000000000000e+02	6.952786e+02	6.980000e+02	5.790213e-04
6.990000000000000e+02	6.962747e+02	6.990000e+02	5.798513e-04
7.000000000000000e+02	6.972708e+02	7.000000e+02	5.806813e-04
7.010000000000000e+02	6.982669e+02	7.010000e+02	5.815112e-04
7.020000000000000e+02	6.992630e+02	7.020000e+02	5.823412e-04
7.030000000000000e+02	7.002591e+02	7.030000e+02	5.831711e-04
7.040000000000000e+02	7.012552e+02	7.040000e+02	5.840011e-04
7.050000000000000e+02	7.022513e+02	7.050000e+02	5.848311e-04
7.060000000000000e+02	7.032474e+02	7.060000e+02	5.856610e-04
7.070000000000000e+02	7.042435e+02	7.070000e+02	5.864910e-04
7.080000000000000e+02	7.052396e+02	7.080000e+02	5.873210e-04
7.090000000000000e+02	7.062357e+02	7.090000e+02	5.881510e-04
7.100000000000000e+02	7.072318e+02	7.100000e+02	5.889810e-04
7.110000000000000e+02	7.082279e+02	7.110000e+02	5.898109e-04
7.120000000000000e+02	7.092240e+02	7.120000e+02	5.906409e-04
7.130000000000000e+02	7.102201e+02	7.130000e+02	5.914709e-04
7.140000000000000e+02	7.112162e+02	7.140000e+02	5.923008e-04
7.150000000000000e+02	7.122123e+02	7.150000e+02	5.931308e-04
7.160000000000000e+02	7.132084e+02	7.160000e+02	5.939608e-04
7.170000000000000e+02	7.142045e+02	7.170000e+02	5.947907e-04
7.180000000000000e+02	7.152006e+02	7.180000e+02	5.956207e-04
7.190000000000000e+02	7.161967e+02	7.190000e+02	5.964507e-04
7.200000000000000e+02	7.171928e+02	7.200000e+02	5.972807e-04
7.210000000000000e+02	7.181889e+02	7.210000e+02	5.981107e-04
7.220000000000000e+02	7.191850e+02	7.220000e+02	5.989406e-04
7.230000000000000e+02	7.201811e+02	7.230000e+02	5.997706e-04
7.240000000000000e+02	7.211772e+02	7.240000e+02	6.006006e-04
7.250000000000000e+02	7.221733e+02	7.250000e+02	6.014305e-04
7.260000000000000e+02	7.231694e+02	7.260000e+02	6.022605e-04
7.270000000000000e+02	7.241655e+02	7.270000e+02	6.030905e-04
7.280000000000000e+02	7.251616e+02	7.280000e+02	6.039205e-04
7.290000000000000e+02	7.261577e+02	7.290000e+02	6.047505e-04
7.300000000000000e+02	7.271537e+02	7.300000e+02	6.055805e-04
7.310000000000000e+02	7.281498e+02	7.310000e+02	6.064104e-04
7.320000000000000e+02	7.291460e+02	7.320000e+02	6.072404e-04
7.330000000000000e+02	7.301421e+02	7.330000e+02	6.080704e-04
7.340000000000000e+02	7.311382e+02	7.340000e+02	6.089004e-04
7.350000000000000e+02	7.321343e+02	7.350000e+02	6.097304e-04
7.360000000000000e+02	7.331304e+02	7.360000e+02	6.105604e-04
7.370000000000000e+02	7.341265e+02	7.370000e+02	6.113903e-04
7.380000000000000e+02	7.351226e+02	7.380000e+02	6.122203e-04
7.390000000000000e+02	7.361187e+02	7.390000e+02	6.130503e-04
7.400000000000000e+02	7.371147e+02	7.400000e+02	6.138803e-04
7.410000000000000e+02	7.381108e+02	7.410000e+02	6.147103e-04
7.420000000000000e+02	7.391069e+02	7.420000e+02	6.155403e-04
7.430000000000000e+02	7.401031e+02	7.430000e+02	6.163702e-04
7.440000000000000e+02	7.410992e+02	7.440000e+02	6.172002e-04
7.450000000000000e+02	7.420953e+02	7.450000e+02	6.180302e-04
7.460000000000000e+02	7.430914e+02	7.460000e+02	6.188602e-04
7.470000000000000e+02	7.440875e+02	7.470000e+02	6.196902e-04
7.480000000000000e+02	7.450836e+02	7.480000e+02	6.205201e-04
7.490000000000000e+02	7.460797e+02	7.490000e+02	6.213502e-04
7.500000000000000e+02	7.470757e+02	7.500000e+02	6.221802e-04
7.510000000000000e+02	7.480718e+02	7.510000e+02	6.230102e-04
7.520000000000000e+02	7.490679e+02	7.520000e+02	6.238401e-04
7.530000000000000e+02	7.500640e+02	7.530000e+02	6.246701e-04
7.540000000000000e+02	7.510601e+02	7.540000e+02	6.255001e-04
7.550000000000000e+02	7.520563e+02	7.550000e+02	6.263301e-04
7.560000000000000e+02	7.530524e+02	7.560000e+02	6.271601e-04
7.570000000000000e+02	7.540485e+02	7.570000e+02	6.279901e-04
7.580000000000000e+02	7.550446e+02	7.580000e+02	6.288201e-04
7.590000000000000e+02	7.560406e+02	7.590000e+02	6.296501e-04
7.600000000000000e+02	7.570367e+02	7.600000e+02	6.304801e-04
7.610000000000000e+02	7.580328e+02	7.610000e+02	6.313100e-04
7.620000000000000e+02	7.590289e+02	7.620000e+02	6.321400e-04
7.630000000000000e+02	7.600250e+02	7.630000e+02	6.329700e-04
7.640000000000000e+02	7.610211e+02	7.640000e+02	6.338000e-04
7.650000000000000e+02	7.620172e+02	7.650000e+02	6.346300e-04
7.660000000000000e+02	7.630134e+02	7.660000e+02	6.354600e-04
7.670000000000000e+02	7.640095e+02	7.670000e+02	6.362900e-04
7.680000000000000e+02	7.650056e+02	7.680000e+02	6.371200e-04
7.690000000000000e+02	7.660016e+02	7.690000e+02	6.379500e-04
7.700000000000000e+02	7.669977e+02	7.700000e+02	6.387800e-04
7.710000000000000e+02	7.679938e+02	7.710000e+02	6.396100e-04
7.720000000000000e+02	7.689899e+02	7.720000e+02	6.404400e-04
7.730000000000000e+02	7.699860e+02	7.730000e+02	6.412700e-04
7.740000000000000e+02	7.709821e+02	7.740000e+02	6.420999e-04
7.750000000000000e+02	7.719782e+02	7.750000e+02	6.429300e-04
7.760000000000000e+02	7.729743e+02	7.760000e+02	6.437600e-04
7.770000000000000e+02	7.739704e+02	7.770000e+02	6.445899e-04
7.780000000000000e+02	7.749666e+02	7.780000e+02	6.454199e-04
7.790000000000000e+02	7.759626e+02	7.790000e+02	6.462500e-04
7.800000000000000e+02	7.769587e+02	7.800000e+02	6.470800e-04
7.810000000000000e+02	7.779548e+02	7.810000e+02	6.479099e-04
7.820000000000000e+02	7.789509e+02	7.820000e+02	6.487399e-04
7.830000000000000e+02	7.799470e+02	7.830000e+02	6.495700e-04
7.840000000000000e+02	7.809431e+02	7.840000e+02	6.503999e-04
7.850000000000000e+02	7.819392e+02	7.850000e+02	6.512299e-04
7.860000000000000e+02	7.829353e+02	7.860000e+02	6.520600e-04
7.870000000000000e+02	7.839314e+02	7.870000e+02	6.528900e-04
7.880000000000000e+02	7.849275e+02	7.880000e+02	6.537199e-04
7.890000000000000e+02	7.859236e+02	7.890000e+02	6.545499e-04
7.900000000000000e+02	7.869197e+02	7.900000e+02	6.553800e-04
7.910000000000000e+02	7.879158e+02	7.910000e+02	6.562099e-04
7.920000000000000e+02	7.889119e+02	7.920000e+02	6.570399e-04
7.930000000000000e+02	7.899080e+02	7.930000e+02	6.578700e-04
7.940000000000000e+02	7.909041e+02	7.940000e+02	6.587000e-04
7.950000000000000e+02	7.919002e+02	7.950000e+02	6.595299e-04
7.960000000000000e+02	7.928963e+02	7.960000e+02	6.603600e-04
7.970000000000000e+02	7.938924e+02	7.970000e+02	6.611900e-04
7.980000000000000e+02	7.948885e+02	7.980000e+02	6.620199e-04
7.990000000000000e+02	7.958846e+02	7.990000e+02	6.628500e-04
8.000000000000000e+02	7.968807e+02	8.000000e+02	6.636800e-04
8.010000000000000e+02	7.978768e+02	8.010000e+02	6.645099e-04
8.020000000000000e+02	7.988729e+02	8.020000e+02	6.653400e-04
8.030000000000000e+02	7.998690e+02	8.030000e+02	6.661700e-04
8.040000000000000e+02	8.008651e+02	8.040000e+02	6.670000e-04
8.050000000000000e+02	8.018612e+02	8.050000e+02	6.678300e-04
8.060000000000000e+02	8.028573e+02	8.060000e+02	6.686600e-04
8.070000000000000e+02	8.038534e+02	8.070000e+02	6.694900e-04
8.080000000000000e+02	8.048495e+02	8.080000e+02	6.703200e-04
8.090000000000000e+02	8.058456e+02	8.090000e+02	6.711500e-04
8.100000000000000e+02	8.068417e+02	8.100000e+02	6.719800e-04
8.110000000000000e+02	8.078378e+02	8.110000e+02	6.728100e-04
8.120000000000000e+02	8.088339e+02	8.120000e+02	6.736401e-04
8.130000000000000e+02	8.098300e+02	8.130000e+02	6.744700e-04
8.140000000000000e+02	8.108261e+02	8.140000e+02	6.753000e-04
8.150000000000000e+02	8.118222e+02	8.150000e+02	6.761301e-04
8.160000000000000e+02	8.128183e+02	8.160000e+02	6.769600e-04
8.170000000000000e+02	8.138144e+02	8.170000e+02	6.777901e-04
8.180000000000000e+02	8.148105e+02	8.180000e+02	6.786201e-04
8.190000000000000e+02	8.158066e+02	8.190000e+02	6.794501e-04
8.200000000000000e+02	8.168027e+02	8.200000e+02	6.802801e-04
8.210000000000000e+02	8.177988e+02	8.210000e+02	6.811101e-04
8.220000000000000e+02	8.187949e+02	8.220000e+02	6.819401e-04
8.230000000000000e+02	8.197910e+02	8.230000e+02	6.827701e-04
8.240000000000000e+02	8.207871e+02	8.240000e+02	6.836001e-04
8.250000000000000e+02	8.217832e+02	8.250000e+02	6.844301e-04
8.260000000000000e+02	8.227793e+02	8.260000e+02	6.852602e-04
8.270000000000000e+02	8.237754e+02	8.270000e+02	6.860901e-04
8.280000000000000e+02	8.247715e+02	8.280000e+02	6.869202e-04
8.290000000000000e+02	8.257676e+02	8.290000e+02	6.877502e-04
8.300000000000000e+02	8.267637e+02	8.300000e+02	6.885802e-04
8.310000000000000e+02	8.277598e+02	8.310000e+02	6.894102e-04
8.320000000000000e+02	8.287559e+02	8.320000e+02	6.902402e-04
8.330000000000000e+02	8.297520e+02	8.330000e+02	6.910702e-04
8.340000000000000e+02	8.307480e+02	8.340000e+02	6.919002e-04
8.350000000000000e+02	8.317441e+02	8.350000e+02	6.927302e-04
8.360000000000000e+02	8.327403e+02	8.360000e+02	6.935602e-04
8.370000000000000e+02	8.337364e+02	8.370000e+02	6.943903e-04
8.380000000000000e+02	8.347325e+02	8.380000e+02	6.952203e-04
8.390000000000000e+02	8.357286e+02	8.390000e+02	6.960503e-04
8.400000000000000e+02	8.367247e+02	8.400000e+02	6.968803e-04
8.410000000000000e+02	8.377208e+02	8.410000e+02	6.977103e-04
8.420000000000000e+02	8.387169e+02	8.420000e+02	6.985403e-04
8.430000000000000e+02	8.397130e+02	8.430000e+02	6.993703e-04
8.440000000000000e+02	8.407090e+02	8.440000e+02	7.002004e-04
8.450000000000000e+02	8.417051e+02	8.450000e+02	7.010304e-04
8.460000000000000e+02	8.427012e+02	8.460000e+02	7.018604e-04
8.470000000000000e+02	8.436973e+02	8.470000e+02	7.026904e-04
8.480000000000000e+02	8.446935e+02	8.480000e+02	7.035204e-04
8.490000000000000e+02	6.437651e-01	8.490000e+02	1.805013e-01
8.500000000000000e+02	6.438487e-01	8.500000e+02	1.807141e-01
8.510000000000000e+02	6.437700e-01	8.510000e+02	1.809269e-01
8.520000000000000e+02	6.438043e-01	8.520000e+02	1.811396e-01
8.530000000000000e+02	6.438217e-01	8.530000e+02	1.813524e-01
8.540000000000000e+02	6.438543e-01	8.540000e+02	1.815651e-01
8.550000000000000e+02	6.438868e-01	8.550000e+02	1.817779e-01
8.560000000000000e+02	6.439193e-01	8.560000e+02	1.819907e-01
8.570000000000000e+02	6.439517e-01	8.570000e+02	1.822034e-01
8.580000000000000e+02	6.439841e-01	8.580000e+02	1.824162e-01
8.590000000000000e+02	6.440165e-01	8.590000e+02	1.826289e-01
8.600000000000000e+02	6.440489e-01	8.600000e+02	1.828417e-01
8.610000000000000e+02	6.440812e-01	8.610000e+02	1.830544e-01
8.620000000000000e+02	6.441135e-01	8.620000e+02	1.832672e-01
8.630000000000000e+02	6.441457e-01	8.630000e+02	1.834800e-01
8.640000000000000e+02	6.441779e-01	8.640000e+02	1.836927e-01
8.650000000000000e+02	6.442101e-01	8.650000e+02	1.839055e-01
8.660000000000000e+02	6.442422e-01	8.660000e+02	1.841182e-01
8.670000000000000e+02	6.442743e-01	8.670000e+02	1.843310e-01
8.680000000000000e+02	6.443064e-01	8.680000e+02	1.845438e-01
8.690000000000000e+02	6.443384e-01	8.690000e+02	1.847565e-01
8.700000000000000e+02	6.443704e-01	8.700000e+02	1.849693e-01
8.710000000000000e+02	6.444023e-01	8.710000e+02	1.851820e-01
8.720000000000000e+02	6.444343e-01	8.720000e+02	1.853948e-01
8.730000000000000e+02	6.444662e-01	8.730000e+02	1.856076e-01
8.740000000000000e+02	6.444981e-01	8.740000e+02	1.858203e-01
8.750000000000000e+02	6.445299e-01	8.750000e+02	1.860331e-01
8.760000000000000e+02	6.445616e-01	8.760000e+02	1.862458e-01
8.770000000000000e+02	6.445934e-01	8.770000e+02	1.864586e-01
8.780000000000000e+02	6.446251e-01	8.780000e+02	1.866714e-01
8.790000000000000e+02	6.446568e-01	8.790000e+02	1.868841e-01
8.800000000000000e+02	6.446885e-01	8.800000e+02	1.870969e-01
8.810000000000000e+02	6.447201e-01	8.810000e+02	1.873096e-01
8.820000000000000e+02	6.447517e-01	8.820000e+02	1.875224e-01
8.830000000000000e+02	6.447832e-01	8.830000e+02	1.877352e-01
8.840000000000000e+02	6.448147e-01	8.840000e+02	1.879479e-01
8.850000000000000e+02	6.448463e-01	8.850000e+02	1.881607e-01
8.860000000000000e+02	6.448777e-01	8.860000e+02	1.883734e-01
8.870000000000000e+02	6.449091e-01	8.870000e+02	1.885862e-01
8.880000000000000e+02	6.449405e-01	8.880000e+02	1.887989e-01
8.890000000000000e+02	6.449718e-01	8.890000e+02	1.890117e-01
8.900000000000000e+02	6.450031e-01	8.900000e+02	1.892245e-01
8.910000000000000e+02	6.450344e-01	8.910000e+02	1.894372e-01
8.920000000000000e+02	6.450657e-01	8.920000e+02	1.896500e-01
8.930000000000000e+02	6.450970e-01	8.930000e+02	1.898627e-01
8.940000000000000e+02	6.451281e-01	8.940000e+02	1.900755e-01
8.950000000000000e+02	6.451593e-01	8.950000e+02	1.902883e-01
8.960000000000000e+02	6.451904e-01	8.960000e+02	1.905010e-01
8.970000000000000e+02	6.452215e-01	8.970000e+02	1.907138e-01
8.980000000000000e+02	6.452526e-01	8.980000e+02	1.909265e-01
8.990000000000000e+02	6.452836e-01	8.990000e+02	1.911393e-01
9.000000000000000e+02	6.453146e-01	9.000000e+02	1.913521e-01
9.010000000000000e+02	6.453456e-01	9.010000e+02	1.915648e-01
9.020000000000000e+02	6.453765e-01	9.020000e+02	1.917776e-01
9.030000000000000e+02	6.454074e-01	9.030000e+02	1.919903e-01
9.040000000000000e+02	6.454383e-01	9.040000e+02	1.922031e-01
9.050000000000000e+02	6.454691e-01	9.050000e+02	1.924159e-01
9.060000000000000e+02	6.454999e-01	9.060000e+02	1.926286e-01
9.070000000000000e+02	6.455306e-01	9.070000e+02	1.928414e-01
9.080000000000000e+02	6.455614e-01	9.080000e+02	1.930541e-01
9.090000000000000e+02	6.455921e-01	9.090000e+02	1.932669e-01
9.100000000000000e+02	6.456228e-01	9.100000e+02	1.934797e-01
9.110000000000000e+02	6.456534e-01	9.110000e+02	1.936924e-01
9.120000000000000e+02	6.456841e-01	9.120000e+02	1.939052e-01
9.130000000000000e+02	6.457146e-01	9.130000e+02	1.941179e-01
9.140000000000000e+02	6.457452e-01	9.140000e+02	1.943307e-01
9.150000000000000e+02	6.457757e-01	9.150000e+02	1.945435e-01
9.160000000000000e+02	6.458062e-01	9.160000e+02	1.947562e-01
9.170000000000000e+02	6.458367e-01	9.170000e+02	1.949690e-01
9.180000000000000e+02	6.458670e-01	9.180000e+02	1.951817e-01
9.190000000000000e+02	6.458974e-01	9.190000e+02	1.953945e-01
9.200000000000000e+02	6.459278e-01	9.200000e+02	1.956072e-01
9.210000000000000e+02	6.459582e-01	9.210000e+02	1.958200e-01
9.220000000000000e+02	6.459885e-01	9.220000e+02	1.960328e-01
9.230000000000000e+02	6.460187e-01	9.230000e+02	1.962455e-01
9.240000000000000e+02	6.460490e-01	9.240000e+02	1.964583e-01
9.250000000000000e+02	6.460792e-01	9.250000e+02	1.966711e-01
9.260000000000000e+02	6.461094e-01	9.260000e+02	1.968838e-01
9.270000000000000e+02	6.461395e-01	9.270000e+02	1.970966e-01
9.280000000000000e+02	6.461697e-01	9.280000e+02	1.973093e-01
9.290000000000000e+02	6.461998e-01	9.290000e+02	1.975221e-01
9.300000000000000e+02	6.462298e-01	9.300000e+02	1.977348e-01
9.310000000000000e+02	6.462598e-01	9.310000e+02	1.979476e-01
9.320000000000000e+02	6.462898e-01	9.320000e+02	1.981604e-01
9.330000000000000e+02	6.463198e-01	9.330000e+02	1.983731e-01
9.340000000000000e+02	6.463497e-01	9.340000e+02	1.985859e-01
9.350000000000000e+02	6.463796e-01	9.350000e+02	1.987986e-01
9.360000000000000e+02	6.464095e-01	9.360000e+02	1.990114e-01
9.370000000000000e+02	6.464394e-01	9.370000e+02	1.992242e-01
9.380000000000000e+02	6.464692e-01	9.380000e+02	1.994369e-01
9.390000000000000e+02	6.464990e-01	9.390000e+02	1.996497e-01
9.400000000000000e+02	6.465288e-01	9.400000e+02	1.998624e-01
9.410000000000000e+02	6.465585e-01	9.410000e+02	2.000752e-01
9.420000000000000e+02	6.465882e-01	9.420000e+02	2.002880e-01
9.430000000000000e+02	6.466179e-01	9.430000e+02	2.005007e-01
9.440000000000000e+02	6.466475e-01	9.440000e+02	2.007135e-01
9.450000000000000e+02	6.466771e-01	9.450000e+02	2.009262e-01
9.460000000000000e+02	6.467067e-01	9.460000e+02	2.011390e-01
9.470000000000000e+02	6.467363e-01	9.470000e+02	2.013518e-01
9.480000000000000e+02	6.467658e-01	9.480000e+02	2.015645e-01
9.490000000000000e+02	6.467953e-01	9.490000e+02	2.017773e-01
9.500000000000000e+02	6.468248e-01	9.500000e+02	2.019900e-01
9.510000000000000e+02	6.468542e-01	9.510000e+02	2.022028e-01
9.520000000000000e+02	6.468836e-01	9.520000e+02	2.024156e-01
9.530000000000000e+02	6.469130e-01	9.530000e+02	2.026283e-01
9.540000000000000e+02	6.469424e-01	9.540000e+02	2.028411e-01
9.550000000000000e+02	6.469717e-01	9.550000e+02	2.030538e-01
9.560000000000000e+02	6.470010e-01	9.560000e+02	2.032666e-01
9.570000000000000e+02	6.470302e-01	9.570000e+02	2.034793e-01
9.580000000000000e+02	6.470595e-01	9.580000e+02	2.036921e-01
9.590000000000000e+02	6.470887e-01	9.590000e+02	2.039049e-01
9.600000000000000e+02	6.471179e-01	9.600000e+02	2.041176e-01
9.610000000000000e+02	6.471471e-01	9.610000e+02	2.043304e-01
9.620000000000000e+02	6.471761e-01	9.620000e+02	2.045432e-01
9.630000000000000e+02	6.472052e-01	9.630000e+02	2.047559e-01
9.640000000000000e+02	6.472343e-01	9.640000e+02	2.049687e-01
9.650000000000000e+02	6.472633e-01	9.650000e+02	2.051814e-01
9.660000000000000e+02	6.472924e-01	9.660000e+02	2.053942e-01
9.670000000000000e+02	6.473214e-01	9.670000e+02	2.056070e-01
9.680000000000000e+02	6.473503e-01	9.680000e+02	2.058197e-01
9.690000000000000e+02	6.473793e-01	9.690000e+02	2.060325e-01
9.700000000000000e+02	6.474082e-01	9.700000e+02	2.062452e-01
9.710000000000000e+02	6.474370e-01	9.710000e+02	2.064580e-01
9.720000000000000e+02	6.474659e-01	9.720000e+02	2.066707e-01
9.730000000000000e+02	6.474947e-01	9.730000e+02	2.068835e-01
9.740000000000000e+02	6.475235e-01	9.740000e+02	2.070963e-01
9.750000000000000e+02	6.475523e-01	9.750000e+02	2.073090e-01
9.760000000000000e+02	6.475810e-01	9.760000e+02	2.075218e-01
9.770000000000000e+02	6.476097e-01	9.770000e+02	2.077346e-01
9.780000000000000e+02	6.476384e-01	9.780000e+02	2.079473e-01
9.790000000000000e+02	6.476671e-01	9.790000e+02	2.081601e-01
9.800000000000000e+02	6.476957e-01	9.800000e+02	2.083728e-01
9.810000000000000e+02	6.477243e-01	9.810000e+02	2.085856e-01
9.820000000000000e+02	6.477529e-01	9.820000e+02	2.087983e-01
9.830000000000000e+02	6.477814e-01	9.830000e+02	2.090111e-01
9.840000000000000e+02	6.478099e-01	9.840000e+02	2.092239e-01
9.850000000000000e+02	6.478384e-01	9.850000e+02	2.094366e-01
9.860000000000000e+02	6.478669e-01	9.860000e+02	2.096494e-01
9.870000000000000e+02	6.478953e-01	9.870000e+02	2.098621e-01
9.880000000000000e+02	6.479238e-01	9.880000e+02	2.100749e-01
9.890000000000000e+02	6.479521e-01	9.890000e+02	2.102877e-01
9.900000000000000e+02	6.479805e-01	9.900000e+02	2.105004e-01
9.910000000000000e+02	6.480088e-01	9.910000e+02	2.107132e-01
9.920000000000000e+02	6.480371e-01	9.920000e+02	2.109260e-01
9.930000000000000e+02	6.480654e-01	9.930000e+02	2.111387e-01
9.940000000000000e+02	6.480937e-01	9.940000e+02	2.113515e-01
9.950000000000000e+02	6.481219e-01	9.950000e+02	2.115642e-01
9.960000000000000e+02	6.481501e-01	9.960000e+02	2.117770e-01
9.970000000000000e+02	6.481783e-01	9.970000e+02	2.119897e-01
9.980000000000000e+02	6.482064e-01	9.980000e+02	2.122025e-01
9.990000000000000e+02	6.482345e-01	9.990000e+02	2.124153e-01
1.000000000000000e+03	6.482627e-01	1.000000e+03	2.126280e-01
1.001000000000000e+03	6.482908e-01	1.001000e+03	2.128408e-01
1.002000000000000e+03	6.483188e-01	1.002000e+03	2.130536e-01
1.003000000000000e+03	6.483468e-01	1.003000e+03	2.132663e-01
1.004000000000000e+03	6.483748e-01	1.004000e+03	2.134791e-01
1.005000000000000e+03	6.484028e-01	1.005000e+03	2.136918e-01
1.006000000000000e+03	6.484307e-01	1.006000e+03	2.139046e-01
1.007000000000000e+03	6.484586e-01	1.007000e+03	2.141173e-01
1.008000000000000e+03	6.484865e-01	1.008000e+03	2.143301e-01
1.009000000000000e+03	6.485144e-01	1.009000e+03	2.145429e-01
1.010000000000000e+03	6.485422e-01	1.010000e+03	2.147556e-01
1.011000000000000e+03	6.485700e-01	1.011000e+03	2.149684e-01
1.012000000000000e+03	6.485978e-01	1.012000e+03	2.151811e-01
1.013000000000000e+03	6.486256e-01	1.013000e+03	2.153939e-01
1.014000000000000e+03	6.486533e-01	1.014000e+03	2.156067e-01
1.015000000000000e+03	6.486810e-01	1.015000e+03	2.158194e-01
1.016000000000000e+03	6.487087e-01	1.016000e+03	2.160322e-01
1.017000000000000e+03	6.487364e-01	1.017000e+03	2.162450e-01
1.018000000000000e+03	6.487640e-01	1.018000e+03	2.164577e-01
1.019000000000000e+03	6.487916e-01	1.019000e+03	2.166705e-01
1.020000000000000e+03	6.488192e-01	1.020000e+03	2.168832e-01
1.021000000000000e+03	6.488467e-01	1.021000e+03	2.170960e-01
1.022000000000000e+03	6.488743e-01	1.022000e+03	2.173087e-01
1.023000000000000e+03	6.489018e-01	1.023000e+03	2.175215e-01
1.024000000000000e+03	6.489293e-01	1.024000e+03	2.177343e-01
1.025000000000000e+03	6.489568e-01	1.025000e+03	2.179470e-01
1.026000000000000e+03	6.489842e-01	1.026000e+03	2.181598e-01
1.027000000000000e+03	6.490116e-01	1.027000e+03	2.183726e-01
1.028000000000000e+03	6.490390e-01	1.028000e+03	2.185853e-01
1.029000000000000e+03	6.490664e-01	1.029000e+03	2.187981e-01
1.030000000000000e+03	6.490937e-01	1.030000e+03	2.190108e-01
1.031000000000000e+03	6.491210e-01	1.031000e+03	2.192236e-01
1.032000000000000e+03	6.491483e-01	1.032000e+03	2.194363e-01
1.033000000000000e+03	6.491756e-01	1.033000e+03	2.196491e-01
1.034000000000000e+03	6.492028e-01	1.034000e+03	2.198619e-01
1.035000000000000e+03	6.492300e-01	1.035000e+03	2.200746e-01
1.036000000000000e+03	6.492572e-01	1.036000e+03	2.202874e-01
1.037000000000000e+03	6.492844e-01	1.037000e+03	2.205002e-01
1.038000000000000e+03	6.493115e-01	1.038000e+03	2.207129e-01
1.039000000000000e+03	6.493387e-01	1.039000e+03	2.209257e-01
1.040000000000000e+03	6.493657e-01	1.040000e+03	2.211384e-01
1.041000000000000e+03	6.493928e-01	1.041000e+03	2.213512e-01
1.042000000000000e+03	6.494198e-01	1.042000e+03	2.215640e-01
1.043000000000000e+03	6.494469e-01	1.043000e+03	2.217767e-01
1.044000000000000e+03	6.494739e-01	1.044000e+03	2.219895e-01
1.045000000000000e+03	6.495008e-01	1.045000e+03	2.222022e-01
1.046000000000000e+03	6.495278e-01	1.046000e+03	2.224150e-01
1.047000000000000e+03	6.495547e-01	1.047000e+03	2.226278e-01
1.048000000000000e+03	6.495816e-01	1.048000e+03	2.228405e-01
1.049000000000000e+03	6.496085e-01	1.049000e+03	2.230533e-01
1.050000000000000e+03	6.496354e-01	1.050000e+03	2.232660e-01
1.051000000000000e+03	6.496622e-01	1.051000e+03	2.234788e-01
1.052000000000000e+03	6.496890e-01	1.052000e+03	2.236916e-01
1.053000000000000e+03	6.497158e-01	1.053000e+03	2.239043e-01
1.054000000000000e+03	6.497425e-01	1.054000e+03	2.241171e-01
1.055000000000000e+03	6.497693e-01	1.055000e+03	2.243298e-01
1.056000000000000e+03	6.497960e-01	1.056000e+03	2.245426e-01
1.057000000000000e+03	6.498227e-01	1.057000e+03	2.247554e-01
1.058000000000000e+03	6.498494e-01	1.058000e+03	2.249681e-01
1.059000000000000e+03	6.498760e-01	1.059000e+03	2.251809e-01
1.060000000000000e+03	6.499026e-01	1.060000e+03	2.253936e-01
1.061000000000000e+03	6.499292e-01	1.061000e+03	2.256064e-01
1.062000000000000e+03	6.499558e-01	1.062000e+03	2.258192e-01
1.063000000000000e+03	6.499824e-01	1.063000e+03	2.260319e-01
1.064000000000000e+03	6.500089e-01	1.064000e+03	2.262447e-01
1.065000000000000e+03	6.500354e-01	1.065000e+03	2.264574e-01
1.066000000000000e+03	6.500619e-01	1.066000e+03	2.266702e-01
1.067000000000000e+03	6.500884e-01	1.067000e+03	2.268830e-01
1.068000000000000e+03	6.501148e-01	1.068000e+03	2.270957e-01
1.069000000000000e+03	6.501412e-01	1.069000e+03	2.273085e-01
1.070000000000000e+03	6.501676e-01	1.070000e+03	2.275212e-01
1.071000000000000e+03	6.501940e-01	1.071000e+03	2.277340e-01
1.072000000000000e+03	6.502203e-01	1.072000e+03	2.279468e-01
1.073000000000000e+03	6.502466e-01	1.073000e+03	2.281595e-01
1.074000000000000e+03	6.502730e-01	1.074000e+03	2.283723e-01
1.075000000000000e+03	6.502992e-01	1.075000e+03	2.285850e-01
1.076000000000000e+03	6.503255e-01	1.076000e+03	2.287978e-01
1.077000000000000e+03	6.503517e-01	1.077000e+03	2.290106e-01
1.078000000000000e+03	6.503779e-01	1.078000e+03	2.292233e-01
1.079000000000000e+03	6.504041e-01	1.079000e+03	2.294361e-01
1.080000000000000e+03	6.504303e-01	1.080000e+03	2.296488e-01
1.081000000000000e+03	6.504564e-01	1.081000e+03	2.298616e-01
1.082000000000000e+03	6.504825e-01	1.082000e+03	2.300744e-01
1.083000000000000e+03	6.505086e-01	1.083000e+03	2.302871e-01
1.084000000000000e+03	6.505347e-01	1.084000e+03	2.304999e-01
1.085000000000000e+03	6.505608e-01	1.085000e+03	2.307127e-01
1.086000000000000e+03	6.505868e-01	1.086000e+03	2.309254e-01
1.087000000000000e+03	6.506128e-01	1.087000e+03	2.311382e-01
1.088000000000000e+03	6.506388e-01	1.088000e+03	2.313509e-01
1.089000000000000e+03	6.506647e-01	1.089000e+03	2.315637e-01
1.090000000000000e+03	6.506907e-01	1.090000e+03	2.317764e-01
1.091000000000000e+03	6.507167e-01	1.091000e+03	2.319892e-01
1.092000000000000e+03	6.507425e-01	1.092000e+03	2.322020e-01
1.093000000000000e+03	6.507684e-01	1.093000e+03	2.324147e-01
1.094000000000000e+03	6.507943e-01	1.094000e+03	2.326275e-01
1.095000000000000e+03	6.508201e-01	1.095000e+03	2.328403e-01
1.096000000000000e+03	6.508459e-01	1.096000e+03	2.330530e-01
1.097000000000000e+03	6.508718e-01	1.097000e+03	2.332658e-01
1.098000000000000e+03	6.508975e-01	1.098000e+03	2.334785e-01
1.099000000000000e+03	6.509233e-01	1.099000e+03	2.336913e-01
1.100000000000000e+03	6.509490e-01	1.100000e+03	2.339040e-01
1.101000000000000e+03	6.509747e-01	1.101000e+03	2.341168e-01
1.102000000000000e+03	6.510004e-01	1.102000e+03	2.343296e-01
1.103000000000000e+03	6.510260e-01	1.103000e+03	2.345423e-01
1.104000000000000e+03	6.510517e-01	1.104000e+03	2.347551e-01
1.105000000000000e+03	6.510773e-01	1.105000e+03	2.349679e-01
1.106000000000000e+03	6.511029e-01	1.106000e+03	2.351806e-01
1.107000000000000e+03	6.511285e-01	1.107000e+03	2.353934e-01
1.108000000000000e+03	6.511540e-01	1.108000e+03	2.356061e-01
1.109000000000000e+03	6.511796e-01	1.109000e+03	2.358189e-01
1.110000000000000e+03	6.512051e-01	1.110000e+03	2.360317e-01
1.111000000000000e+03	6.512306e-01	1.111000e+03	2.362444e-01
1.112000000000000e+03	6.512560e-01	1.112000e+03	2.364572e-01
1.113000000000000e+03	6.512815e-01	1.113000e+03	2.366699e-01
1.114000000000000e+03	6.513069e-01	1.114000e+03	2.368827e-01
1.115000000000000e+03	6.513323e-01	1.115000e+03	2.370955e-01
1.116000000000000e+03	6.513577e-01	1.116000e+03	2.373082e-01
1.117000000000000e+03	6.513831e-01	1.117000e+03	2.375210e-01
1.118000000000000e+03	6.514084e-01	1.118000e+03	2.377337e-01
1.119000000000000e+03	6.514338e-01	1.119000e+03	2.379465e-01
1.120000000000000e+03	6.514591e-01	1.120000e+03	2.381593e-01
1.121000000000000e+03	6.514844e-01	1.121000e+03	2.383720e-01
1.122000000000000e+03	6.515096e-01	1.122000e+03	2.385848e-01
1.123000000000000e+03	6.515349e-01	1.123000e+03	2.387975e-01
1.124000000000000e+03	6.515601e-01	1.124000e+03	2.390103e-01
1.125000000000000e+03	6.515853e-01	1.125000e+03	2.392231e-01
1.126000000000000e+03	6.516105e-01	1.126000e+03	2.394358e-01
1.127000000000000e+03	6.516356e-01	1.127000e+03	2.396486e-01
1.128000000000000e+03	6.516607e-01	1.128000e+03	2.398614e-01
1.129000000000000e+03	6.516859e-01	1.129000e+03	2.400741e-01
1.130000000000000e+03	6.517110e-01	1.130000e+03	2.402869e-01
1.131000000000000e+03	6.517361e-01	1.131000e+03	2.404996e-01
1.132000000000000e+03	6.517611e-01	1.132000e+03	2.407124e-01
1.133000000000000e+03	6.517861e-01	1.133000e+03	2.409251e-01
1.134000000000000e+03	6.518112e-01	1.134000e+03	2.411379e-01
1.135000000000000e+03	6.518362e-01	1.135000e+03	2.413507e-01
1.136000000000000e+03	6.518611e-01	1.136000e+03	2.415634e-01
1.137000000000000e+03	6.518861e-01	1.137000e+03	2.417762e-01
1.138000000000000e+03	6.519111e-01	1.138000e+03	2.419890e-01
1.139000000000000e+03	6.519360e-01	1.139000e+03	2.422017e-01
1.140000000000000e+03	6.519608e-01	1.140000e+03	2.424145e-01
1.141000000000000e+03	6.519858e-01	1.141000e+03	2.426272e-01
1.142000000000000e+03	6.520106e-01	1.142000e+03	2.428400e-01
1.143000000000000e+03	6.520354e-01	1.143000e+03	2.430528e-01
1.144000000000000e+03	6.520603e-01	1.144000e+03	2.432655e-01
1.145000000000000e+03	6.520851e-01	1.145000e+03	2.434783e-01
1.146000000000000e+03	6.521098e-01	1.146000e+03	2.436910e-01
1.147000000000000e+03	6.521346e-01	1.147000e+03	2.439038e-01
1.148000000000000e+03	6.521593e-01	1.148000e+03	2.441166e-01
1.149000000000000e+03	6.521841e-01	1.149000e+03	2.443293e-01
1.150000000000000e+03	6.522087e-01	1.150000e+03	2.445421e-01
1.151000000000000e+03	6.522334e-01	1.151000e+03	2.447549e-01
1.152000000000000e+03	6.522581e-01	1.152000e+03	2.449676e-01
1.153000000000000e+03	6.522827e-01	1.153000e+03	2.451804e-01
1.154000000000000e+03	6.523073e-01	1.154000e+03	2.453931e-01
1.155000000000000e+03	6.523319e-01	1.155000e+03	2.456059e-01
1.156000000000000e+03	6.523565e-01	1.156000e+03	2.458186e-01
1.157000000000000e+03	6.523811e-01	1.157000e+03	2.460314e-01
1.158000000000000e+03	6.524056e-01	1.158000e+03	2.462442e-01
1.159000000000000e+03	6.524301e-01	1.159000e+03	2.464569e-01
1.160000000000000e+03	6.524547e-01	1.160000e+03	2.466697e-01
1.161000000000000e+03	6.524791e-01	1.161000e+03	2.468825e-01
1.162000000000000e+03	6.525036e-01	1.162000e+03	2.470952e-01
1.163000000000000e+03	6.525280e-01	1.163000e+03	2.473080e-01
1.164000000000000e+03	6.525525e-01	1.164000e+03	2.475207e-01
1.165000000000000e+03	6.525769e-01	1.165000e+03	2.477335e-01
1.166000000000000e+03	6.526012e-01	1.166000e+03	2.479463e-01
1.167000000000000e+03	6.526256e-01	1.167000e+03	2.481590e-01
1.168000000000000e+03	6.526500e-01	1.168000e+03	2.483718e-01
1.169000000000000e+03	6.526743e-01	1.169000e+03	2.485845e-01
1.170000000000000e+03	6.526986e-01	1.170000e+03	2.487973e-01
1.171000000000000e+03	6.527229e-01	1.171000e+03	2.490101e-01
1.172000000000000e+03	6.527472e-01	1.172000e+03	2.492228e-01
1.173000000000000e+03	6.527715e-01	1.173000e+03	2.494356e-01
1.174000000000000e+03	6.527957e-01	1.174000e+03	2.496483e-01
1.175000000000000e+03	6.528199e-01	1.175000e+03	2.498611e-01
1.176000000000000e+03	6.528441e-01	1.176000e+03	2.500739e-01
1.177000000000000e+03	6.528683e-01	1.177000e+03	2.502866e-01
1.178000000000000e+03	6.528924e-01	1.178000e+03	2.504994e-01
1.179000000000000e+03	6.529166e-01	1.179000e+03	2.507122e-01
1.180000000000000e+03	6.529407e-01	1.180000e+03	2.509249e-01
1.181000000000000e+03	6.529648e-01	1.181000e+03	2.511377e-01
1.182000000000000e+03	6.529889e-01	1.182000e+03	2.513504e-01
1.183000000000000e+03	6.530129e-01	1.183000e+03	2.515632e-01
1.184000000000000e+03	6.530370e-01	1.184000e+03	2.517760e-01
1.185000000000000e+03	6.530610e-01	1.185000e+03	2.519887e-01
1.186000000000000e+03	6.530851e-01	1.186000e+03	2.522015e-01
1.187000000000000e+03	6.531090e-01	1.187000e+03	2.524142e-01
1.188000000000000e+03	6.531330e-01	1.188000e+03	2.526270e-01
1.189000000000000e+03	6.531569e-01	1.189000e+03	2.528397e-01
1.190000000000000e+03	6.531809e-01	1.190000e+03	2.530525e-01
1.191000000000000e+03	6.532048e-01	1.191000e+03	2.532653e-01
1.192000000000000e+03	6.532287e-01	1.192000e+03	2.534781e-01
1.193000000000000e+03	6.532526e-01	1.193000e+03	2.536908e-01
1.194000000000000e+03	6.532764e-01	1.194000e+03	2.539036e-01
1.195000000000000e+03	6.533003e-01	1.195000e+03	2.541163e-01
1.196000000000000e+03	6.533241e-01	1.196000e+03	2.543291e-01
1.197000000000000e+03	6.533480e-01	1.197000e+03	2.545418e-01
1.198000000000000e+03	6.533718e-01	1.198000e+03	2.547546e-01
1.199000000000000e+03	6.533955e-01	1.199000e+03	2.549674e-01
1.200000000000000e+03	6.534193e-01	1.200000e+03	2.551801e-01
1.201000000000000e+03	6.534430e-01	1.201000e+03	2.553929e-01
1.202000000000000e+03	6.534667e-01	1.202000e+03	2.556056e-01
1.203000000000000e+03	6.534904e-01	1.203000e+03	2.558184e-01
1.204000000000000e+03	6.535141e-01	1.204000e+03	2.560312e-01
1.205000000000000e+03	6.535378e-01	1.205000e+03	2.562439e-01
1.206000000000000e+03	6.535614e-01	1.206000e+03	2.564567e-01
1.207000000000000e+03	6.535851e-01	1.207000e+03	2.566695e-01
1.208000000000000e+03	6.536087e-01	1.208000e+03	2.568822e-01
1.209000000000000e+03	6.536323e-01	1.209000e+03	2.570950e-01
1.210000000000000e+03	6.536558e-01	1.210000e+03	2.573077e-01
1.211000000000000e+03	6.536794e-01	1.211000e+03	2.575205e-01
1.212000000000000e+03	6.537029e-01	1.212000e+03	2.577333e-01
1.213000000000000e+03	6.537265e-01	1.213000e+03	2.579460e-01
1.214000000000000e+03	6.537499e-01	1.214000e+03	2.581588e-01
1.215000000000000e+03	6.537734e-01	1.215000e+03	2.583715e-01
1.216000000000000e+03	6.537969e-01	1.216000e+03	2.585843e-01
1.217000000000000e+03	6.538203e-01	1.217000e+03	2.587970e-01
1.218000000000000e+03	6.538438e-01	1.218000e+03	2.590098e-01
1.219000000000000e+03	6.538672e-01	1.219000e+03	2.592226e-01
1.220000000000000e+03	6.538906e-01	1.220000e+03	2.594354e-01
1.221000000000000e+03	6.539140e-01	1.221000e+03	2.596481e-01
1.222000000000000e+03	6.539373e-01	1.222000e+03	2.598609e-01
1.223000000000000e+03	6.539607e-01	1.223000e+03	2.600736e-01
1.224000000000000e+03	6.539840e-01	1.224000e+03	2.602864e-01
1.225000000000000e+03	6.540074e-01	1.225000e+03	2.604991e-01
1.226000000000000e+03	6.540306e-01	1.226000e+03	2.607119e-01
1.227000000000000e+03	6.540539e-01	1.227000e+03	2.609247e-01
1.228000000000000e+03	6.540772e-01	1.228000e+03	2.611374e-01
1.229000000000000e+03	6.541004e-01	1.229000e+03	2.613502e-01
1.230000000000000e+03	6.541237e-01	1.230000e+03	2.615629e-01
1.231000000000000e+03	6.541469e-01	1.231000e+03	2.617757e-01
1.232000000000000e+03	6.541700e-01	1.232000e+03	2.619885e-01
1.233000000000000e+03	6.541932e-01	1.233000e+03	2.622012e-01
1.234000000000000e+03	6.542164e-01	1.234000e+03	2.624140e-01
1.235000000000000e+03	6.542395e-01	1.235000e+03	2.626268e-01
1.236000000000000e+03	6.542627e-01	1.236000e+03	2.628395e-01
1.237000000000000e+03	6.542857e-01	1.237000e+03	2.630523e-01
1.238000000000000e+03	6.543089e-01	1.238000e+03	2.632650e-01
1.239000000000000e+03	6.543319e-01	1.239000e+03	2.634778e-01
1.240000000000000e+03	6.543550e-01	1.240000e+03	2.636906e-01
1.241000000000000e+03	6.543780e-01	1.241000e+03	2.639033e-01
1.242000000000000e+03	6.544010e-01	1.242000e+03	2.641161e-01
1.243000000000000e+03	6.544240e-01	1.243000e+03	2.643288e-01
1.244000000000000e+03	6.544470e-01	1.244000e+03	2.645416e-01
1.245000000000000e+03	6.544700e-01	1.245000e+03	2.647544e-01
1.246000000000000e+03	6.544929e-01	1.246000e+03	2.649671e-01
1.247000000000000e+03	6.545159e-01	1.247000e+03	2.651799e-01
1.248000000000000e+03	6.545388e-01	1.248000e+03	2.653927e-01
1.249000000000000e+03	6.545617e-01	1.249000e+03	2.656054e-01
1.250000000000000e+03	6.545846e-01	1.250000e+03	2.658182e-01
1.251000000000000e+03	6.546075e-01	1.251000e+03	2.660309e-01
1.252000000000000e+03	6.546303e-01	1.252000e+03	2.662437e-01
1.253000000000000e+03	6.546531e-01	1.253000e+03	2.664565e-01
1.254000000000000e+03	6.546760e-01	1.254000e+03	2.666692e-01
1.255000000000000e+03	6.546988e-01	1.255000e+03	2.668820e-01
1.256000000000000e+03	6.547216e-01	1.256000e+03	2.670947e-01
1.257000000000000e+03	6.547443e-01	1.257000e+03	2.673075e-01
1.258000000000000e+03	6.547671e-01	1.258000e+03	2.675202e-01
1.259000000000000e+03	6.547898e-01	1.259000e+03	2.677330e-01
1.260000000000000e+03	6.548126e-01	1.260000e+03	2.679458e-01
1.261000000000000e+03	6.548353e-01	1.261000e+03	2.681586e-01
1.262000000000000e+03	6.548579e-01	1.262000e+03	2.683713e-01
1.263000000000000e+03	6.548806e-01	1.263000e+03	2.685841e-01
1.264000000000000e+03	6.549033e-01	1.264000e+03	2.687968e-01
1.265000000000000e+03	6.549259e-01	1.265000e+03	2.690096e-01
1.266000000000000e+03	6.549485e-01	1.266000e+03	2.692223e-01
1.267000000000000e+03	6.549711e-01	1.267000e+03	2.694351e-01
1.268000000000000e+03	6.549937e-01	1.268000e+03	2.696479e-01
1.269000000000000e+03	6.550163e-01	1.269000e+03	2.698606e-01
1.270000000000000e+03	6.550389e-01	1.270000e+03	2.700734e-01
1.271000000000000e+03	6.550614e-01	1.271000e+03	2.702861e-01
1.272000000000000e+03	6.550840e-01	1.272000e+03	2.704989e-01
1.273000000000000e+03	6.551065e-01	1.273000e+03	2.707117e-01
1.274000000000000e+03	6.551290e-01	1.274000e+03	2.709244e-01
1.275000000000000e+03	6.551514e-01	1.275000e+03	2.711372e-01
1.276000000000000e+03	6.551739e-01	1.276000e+03	2.713500e-01
1.277000000000000e+03	6.551963e-01	1.277000e+03	2.715627e-01
1.278000000000000e+03	6.552188e-01	1.278000e+03	2.717755e-01
1.279000000000000e+03	6.552412e-01	1.279000e+03	2.719882e-01
1.280000000000000e+03	6.552636e-01	1.280000e+03	2.722010e-01
1.281000000000000e+03	6.552860e-01	1.281000e+03	2.724138e-01
1.282000000000000e+03	6.553083e-01	1.282000e+03	2.726265e-01
1.283000000000000e+03	6.553307e-01	1.283000e+03	2.728393e-01
1.284000000000000e+03	6.553530e-01	1.284000e+03	2.730521e-01
1.285000000000000e+03	6.553754e-01	1.285000e+03	2.732648e-01
1.286000000000000e+03	6.553977e-01	1.286000e+03	2.734776e-01
1.287000000000000e+03	6.554199e-01	1.287000e+03	2.736903e-01
1.288000000000000e+03	6.554422e-01	1.288000e+03	2.739031e-01
1.289000000000000e+03	6.554645e-01	1.289000e+03	2.741159e-01
1.290000000000000e+03	6.554867e-01	1.290000e+03	2.743286e-01
1.291000000000000e+03	6.555089e-01	1.291000e+03	2.745414e-01
1.292000000000000e+03	6.555312e-01	1.292000e+03	2.747541e-01
1.293000000000000e+03	6.555533e-01	1.293000e+03	2.749669e-01
1.294000000000000e+03	6.555755e-01	1.294000e+03	2.751797e-01
1.295000000000000e+03	6.555977e-01	1.295000e+03	2.753924e-01
1.296000000000000e+03	6.556198e-01	1.296000e+03	2.756052e-01
1.297000000000000e+03	6.556420e-01	1.297000e+03	2.758180e-01
1.298000000000000e+03	6.556641e-01	1.298000e+03	2.760307e-01
1.299000000000000e+03	6.556862e-01	1.299000e+03	2.762435e-01
1.300000000000000e+03	6.557083e-01	1.300000e+03	2.764562e-01
1.301000000000000e+03	6.557303e-01	1.301000e+03	2.766690e-01
1.302000000000000e+03	6.557524e-01	1.302000e+03	2.768818e-01
1.303000000000000e+03	6.557744e-01	1.303000e+03	2.770945e-01
1.304000000000000e+03	6.557965e-01	1.304000e+03	2.773073e-01
1.305000000000000e+03	6.558185e-01	1.305000e+03	2.775200e-01
1.306000000000000e+03	6.558405e-01	1.306000e+03	2.777328e-01
1.307000000000000e+03	6.558625e-01	1.307000e+03	2.779455e-01
1.308000000000000e+03	6.558844e-01	1.308000e+03	2.781583e-01
1.309000000000000e+03	6.559064e-01	1.309000e+03	2.783711e-01
1.310000000000000e+03	6.559283e-01	1.310000e+03	2.785839e-01
1.311000000000000e+03	6.559502e-01	1.311000e+03	2.787966e-01
1.312000000000000e+03	6.559721e-01	1.312000e+03	2.790094e-01
1.313000000000000e+03	6.559940e-01	1.313000e+03	2.792221e-01
1.314000000000000e+03	6.560159e-01	1.314000e+03	2.794349e-01
1.315000000000000e+03	6.560377e-01	1.315000e+03	2.796476e-01
1.316000000000000e+03	6.560596e-01	1.316000e+03	2.798604e-01
1.317000000000000e+03	6.560814e-01	1.317000e+03	2.800732e-01
1.318000000000000e+03	6.561032e-01	1.318000e+03	2.802859e-01
1.319000000000000e+03	6.561250e-01	1.319000e+03	2.804987e-01
1.320000000000000e+03	6.561468e-01	1.320000e+03	2.807115e-01
1.321000000000000e+03	6.561686e-01	1.321000e+03	2.809242e-01
1.322000000000000e+03	6.561903e-01	1.322000e+03	2.811370e-01
1.323000000000000e+03	6.562120e-01	1.323000e+03	2.813497e-01
1.324000000000000e+03	6.562338e-01	1.324000e+03	2.815625e-01
1.325000000000000e+03	6.562555e-01	1.325000e+03	2.817753e-01
1.326000000000000e+03	6.562772e-01	1.326000e+03	2.819880e-01
1.327000000000000e+03	6.562989e-01	1.327000e+03	2.822008e-01
1.328000000000000e+03	6.563205e-01	1.328000e+03	2.824135e-01
1.329000000000000e+03	6.563421e-01	1.329000e+03	2.826263e-01
1.330000000000000e+03	6.563638e-01	1.330000e+03	2.828391e-01
1.331000000000000e+03	6.563854e-01	1.331000e+03	2.830518e-01
1.332000000000000e+03	6.564071e-01	1.332000e+03	2.832646e-01
1.333000000000000e+03	6.564286e-01	1.333000e+03	2.834774e-01
1.334000000000000e+03	6.564502e-01	1.334000e+03	2.836901e-01
1.335000000000000e+03	6.564717e-01	1.335000e+03	2.839029e-01
1.336000000000000e+03	6.564933e-01	1.336000e+03	2.841156e-01
1.337000000000000e+03	6.565148e-01	1.337000e+03	2.843284e-01
1.338000000000000e+03	6.565363e-01	1.338000e+03	2.845412e-01
1.339000000000000e+03	6.565579e-01	1.339000e+03	2.847539e-01
1.340000000000000e+03	6.565794e-01	1.340000e+03	2.849667e-01
1.341000000000000e+03	6.566008e-01	1.341000e+03	2.851794e-01
1.342000000000000e+03	6.566223e-01	1.342000e+03	2.853922e-01
1.343000000000000e+03	6.566437e-01	1.343000e+03	2.856050e-01
1.344000000000000e+03	6.566651e-01	1.344000e+03	2.858177e-01
1.345000000000000e+03	6.566865e-01	1.345000e+03	2.860305e-01
1.346000000000000e+03	6.567080e-01	1.346000e+03	2.862433e-01
1.347000000000000e+03	6.567293e-01	1.347000e+03	2.864560e-01
1.348000000000000e+03	6.567507e-01	1.348000e+03	2.866688e-01
1.349000000000000e+03	6.567721e-01	1.349000e+03	2.868815e-01
1.350000000000000e+03	6.567934e-01	1.350000e+03	2.870943e-01
1.351000000000000e+03	6.568148e-01	1.351000e+03	2.873071e-01
1.352000000000000e+03	6.568361e-01	1.352000e+03	2.875198e-01
1.353000000000000e+03	6.568574e-01	1.353000e+03	2.877326e-01
1.354000000000000e+03	6.568787e-01	1.354000e+03	2.879453e-01
1.355000000000000e+03	6.568999e-01	1.355000e+03	2.881581e-01
1.356000000000000e+03	6.569212e-01	1.356000e+03	2.883709e-01
1.357000000000000e+03	6.569424e-01	1.357000e+03	2.885836e-01
1.358000000000000e+03	6.569637e-01	1.358000e+03	2.887964e-01
1.359000000000000e+03	6.569849e-01	1.359000e+03	2.890092e-01
1.360000000000000e+03	6.570061e-01	1.360000e+03	2.892219e-01
1.361000000000000e+03	6.570273e-01	1.361000e+03	2.894347e-01
1.362000000000000e+03	6.570485e-01	1.362000e+03	2.896474e-01
1.363000000000000e+03	6.570696e-01	1.363000e+03	2.898602e-01
1.364000000000000e+03	6.570908e-01	1.364000e+03	2.900729e-01
1.365000000000000e+03	6.571119e-01	1.365000e+03	2.902857e-01
1.366000000000000e+03	6.571330e-01	1.366000e+03	2.904985e-01
1.367000000000000e+03	6.571541e-01	1.367000e+03	2.907113e-01
1.368000000000000e+03	6.571752e-01	1.368000e+03	2.909240e-01
1.369000000000000e+03	6.571963e-01	1.369000e+03	2.911368e-01
1.370000000000000e+03	6.572174e-01	1.370000e+03	2.913495e-01
1.371000000000000e+03	6.572384e-01	1.371000e+03	2.915623e-01
1.372000000000000e+03	6.572595e-01	1.372000e+03	2.917750e-01
1.373000000000000e+03	6.572805e-01	1.373000e+03	2.919878e-01
1.374000000000000e+03	6.573015e-01	1.374000e+03	2.922006e-01
1.375000000000000e+03	6.573225e-01	1.375000e+03	2.924133e-01
1.376000000000000e+03	6.573434e-01	1.376000e+03	2.926261e-01
1.377000000000000e+03	6.573644e-01	1.377000e+03	2.928389e-01
1.378000000000000e+03	6.573854e-01	1.378000e+03	2.930516e-01
1.379000000000000e+03	6.574063e-01	1.379000e+03	2.932644e-01
1.380000000000000e+03	6.574273e-01	1.380000e+03	2.934771e-01
1.381000000000000e+03	6.574482e-01	1.381000e+03	2.936899e-01
1.382000000000000e+03	6.574690e-01	1.382000e+03	2.939027e-01
1.383000000000000e+03	6.574900e-01	1.383000e+03	2.941154e-01
1.384000000000000e+03	6.575108e-01	1.384000e+03	2.943282e-01
1.385000000000000e+03	6.575317e-01	1.385000e+03	2.945409e-01
1.386000000000000e+03	6.575525e-01	1.386000e+03	2.947537e-01
1.387000000000000e+03	6.575733e-01	1.387000e+03	2.949665e-01
1.388000000000000e+03	6.575941e-01	1.388000e+03	2.951792e-01
1.389000000000000e+03	6.576149e-01	1.389000e+03	2.953920e-01
1.390000000000000e+03	6.576357e-01	1.390000e+03	2.956048e-01
1.391000000000000e+03	6.576566e-01	1.391000e+03	2.958175e-01
1.392000000000000e+03	6.576773e-01	1.392000e+03	2.960303e-01
1.393000000000000e+03	6.576980e-01	1.393000e+03	2.962430e-01
1.394000000000000e+03	6.577188e-01	1.394000e+03	2.964558e-01
1.395000000000000e+03	6.577395e-01	1.395000e+03	2.966686e-01
1.396000000000000e+03	6.577602e-01	1.396000e+03	2.968813e-01
1.397000000000000e+03	6.577809e-01	1.397000e+03	2.970941e-01
1.398000000000000e+03	6.578016e-01	1.398000e+03	2.973069e-01
1.399000000000000e+03	6.578223e-01	1.399000e+03	2.975196e-01
1.400000000000000e+03	6.578429e-01	1.400000e+03	2.977324e-01
1.401000000000000e+03	6.578636e-01	1.401000e+03	2.979451e-01
1.402000000000000e+03	6.578842e-01	1.402000e+03	2.981579e-01
1.403000000000000e+03	6.579048e-01	1.403000e+03	2.983707e-01
1.404000000000000e+03	6.579254e-01	1.404000e+03	2.985834e-01
1.405000000000000e+03	6.579460e-01	1.405000e+03	2.987962e-01
1.406000000000000e+03	6.579666e-01	1.406000e+03	2.990089e-01
1.407000000000000e+03	6.579872e-01	1.407000e+03	2.992217e-01
1.408000000000000e+03	6.580077e-01	1.408000e+03	2.994345e-01
1.409000000000000e+03	6.580282e-01	1.409000e+03	2.996472e-01
1.410000000000000e+03	6.580487e-01	1.410000e+03	2.998600e-01
1.411000000000000e+03	6.580693e-01	1.411000e+03	3.000728e-01
1.412000000000000e+03	6.580898e-01	1.412000e+03	3.002855e-01
1.413000000000000e+03	6.581103e-01	1.413000e+03	3.004983e-01
1.414000000000000e+03	6.581308e-01	1.414000e+03	3.007110e-01
1.415000000000000e+03	6.581512e-01	1.415000e+03	3.009238e-01
1.416000000000000e+03	6.581717e-01	1.416000e+03	3.011366e-01
1.417000000000000e+03	6.581921e-01	1.417000e+03	3.013493e-01
1.418000000000000e+03	6.582125e-01	1.418000e+03	3.015621e-01
1.419000000000000e+03	6.582329e-01	1.419000e+03	3.017748e-01
1.420000000000000e+03	6.582533e-01	1.420000e+03	3.019876e-01
1.421000000000000e+03	6.582737e-01	1.421000e+03	3.022004e-01
1.422000000000000e+03	6.582940e-01	1.422000e+03	3.024131e-01
1.423000000000000e+03	6.583144e-01	1.423000e+03	3.026259e-01
1.424000000000000e+03	6.583347e-01	1.424000e+03	3.028387e-01
1.425000000000000e+03	6.583551e-01	1.425000e+03	3.030514e-01
1.426000000000000e+03	6.583754e-01	1.426000e+03	3.032642e-01
1.427000000000000e+03	6.583957e-01	1.427000e+03	3.034769e-01
1.428000000000000e+03	6.584160e-01	1.428000e+03	3.036897e-01
1.429000000000000e+03	6.584363e-01	1.429000e+03	3.039024e-01
1.430000000000000e+03	6.584566e-01	1.430000e+03	3.041152e-01
1.431000000000000e+03	6.584768e-01	1.431000e+03	3.043280e-01
1.432000000000000e+03	6.584970e-01	1.432000e+03	3.045408e-01
1.433000000000000e+03	6.585172e-01	1.433000e+03	3.047535e-01
1.434000000000000e+03	6.585375e-01	1.434000e+03	3.049663e-01
1.435000000000000e+03	6.585577e-01	1.435000e+03	3.051790e-01
1.436000000000000e+03	6.585779e-01	1.436000e+03	3.053918e-01
1.437000000000000e+03	6.585981e-01	1.437000e+03	3.056045e-01
1.438000000000000e+03	6.586182e-01	1.438000e+03	3.058173e-01
1.439000000000000e+03	6.586384e-01	1.439000e+03	3.060301e-01
1.440000000000000e+03	6.586585e-01	1.440000e+03	3.062429e-01
1.441000000000000e+03	6.586787e-01	1.441000e+03	3.064556e-01
1.442000000000000e+03	6.586987e-01	1.442000e+03	3.066684e-01
1.443000000000000e+03	6.587189e-01	1.443000e+03	3.068811e-01
1.444000000000000e+03	6.587390e-01	1.444000e+03	3.070939e-01
1.445000000000000e+03	6.587591e-01	1.445000e+03	3.073066e-01
1.446000000000000e+03	6.587791e-01	1.446000e+03	3.075194e-01
1.447000000000000e+03	6.587992e-01	1.447000e+03	3.077322e-01
1.448000000000000e+03	6.588192e-01	1.448000e+03	3.079449e-01
1.449000000000000e+03	6.588392e-01	1.449000e+03	3.081577e-01
1.450000000000000e+03	6.588593e-01	1.450000e+03	3.083704e-01
1.451000000000000e+03	6.588792e-01	1.451000e+03	3.085832e-01
1.452000000000000e+03	6.588992e-01	1.452000e+03	3.087960e-01
1.453000000000000e+03	6.589192e-01	1.453000e+03	3.090087e-01
1.454000000000000e+03	6.589392e-01	1.454000e+03	3.092215e-01
1.455000000000000e+03	6.589592e-01	1.455000e+03	3.094343e-01
1.456000000000000e+03	6.589791e-01	1.456000e+03	3.096470e-01
1.457000000000000e+03	6.589990e-01	1.457000e+03	3.098598e-01
1.458000000000000e+03	6.590189e-01	1.458000e+03	3.100725e-01
1.459000000000000e+03	6.590388e-01	1.459000e+03	3.102853e-01
1.460000000000000e+03	6.590587e-01	1.460000e+03	3.104981e-01
1.461000000000000e+03	6.590786e-01	1.461000e+03	3.107108e-01
1.462000000000000e+03	6.590984e-01	1.462000e+03	3.109236e-01
1.463000000000000e+03	6.591183e-01	1.463000e+03	3.111364e-01
1.464000000000000e+03	6.591381e-01	1.464000e+03	3.113491e-01
1.465000000000000e+03	6.591580e-01	1.465000e+03	3.115619e-01
1.466000000000000e+03	6.591778e-01	1.466000e+03	3.117746e-01
1.467000000000000e+03	6.591976e-01	1.467000e+03	3.119874e-01
1.468000000000000e+03	6.592174e-01	1.468000e+03	3.122002e-01
1.469000000000000e+03	6.592372e-01	1.469000e+03	3.124129e-01
1.470000000000000e+03	6.592570e-01	1.470000e+03	3.126257e-01
1.471000000000000e+03	6.592767e-01	1.471000e+03	3.128385e-01
1.472000000000000e+03	6.592965e-01	1.472000e+03	3.130512e-01
1.473000000000000e+03	6.593162e-01	1.473000e+03	3.132640e-01
1.474000000000000e+03	6.593360e-01	1.474000e+03	3.134767e-01
1.475000000000000e+03	6.593556e-01	1.475000e+03	3.136895e-01
1.476000000000000e+03	6.593754e-01	1.476000e+03	3.139023e-01
1.477000000000000e+03	6.593950e-01	1.477000e+03	3.141150e-01
1.478000000000000e+03	6.594147e-01	1.478000e+03	3.143278e-01
1.479000000000000e+03	6.594344e-01	1.479000e+03	3.145405e-01
1.480000000000000e+03	6.594540e-01	1.480000e+03	3.147533e-01
1.481000000000000e+03	6.594737e-01	1.481000e+03	3.149661e-01
1.482000000000000e+03	6.594933e-01	1.482000e+03	3.151788e-01
1.483000000000000e+03	6.595129e-01	1.483000e+03	3.153916e-01
1.484000000000000e+03	6.595325e-01	1.484000e+03	3.156044e-01
1.485000000000000e+03	6.595521e-01	1.485000e+03	3.158171e-01
1.486000000000000e+03	6.595717e-01	1.486000e+03	3.160299e-01
1.487000000000000e+03	6.595913e-01	1.487000e+03	3.162426e-01
1.488000000000000e+03	6.596108e-01	1.488000e+03	3.164554e-01
1.489000000000000e+03	6.596304e-01	1.489000e+03	3.166682e-01
1.490000000000000e+03	6.596499e-01	1.490000e+03	3.168809e-01
1.491000000000000e+03	6.596695e-01	1.491000e+03	3.170937e-01
1.492000000000000e+03	6.596889e-01	1.492000e+03	3.173065e-01
1.493000000000000e+03	6.597084e-01	1.493000e+03	3.175192e-01
1.494000000000000e+03	6.597279e-01	1.494000e+03	3.177320e-01
1.495000000000000e+03	6.597474e-01	1.495000e+03	3.179447e-01
1.496000000000000e+03	6.597669e-01	1.496000e+03	3.181575e-01
1.497000000000000e+03	6.597863e-01	1.497000e+03	3.183703e-01
1.498000000000000e+03	6.598058e-01	1.498000e+03	3.185830e-01
1.499000000000000e+03	6.598252e-01	1.499000e+03	3.187958e-01
1.500000000000000e+03	6.598446e-01	1.500000e+03	3.190085e-01
