time	V(D,G)	V(a1)	V(l)
0.000000000000000e+00	1.634646e-22	9.560285e-23	-1.912059e-24
6.399999641359955e-09	1.363262e-05	1.040662e-04	3.392009e-06
1.279999928271991e-08	5.041716e-05	2.242477e-04	6.304969e-06
2.559999856543982e-08	1.714325e-04	4.976661e-04	1.097678e-05
4.577895910516066e-08	4.440214e-04	9.852381e-04	1.604939e-05
6.741278404924486e-08	8.171099e-04	1.562142e-03	1.942636e-05
9.281851295175434e-08	1.329977e-03	2.287494e-03	2.183480e-05
1.252582351460885e-07	2.050510e-03	3.253006e-03	2.361020e-05
1.737895322874516e-07	3.196702e-03	4.733696e-03	2.503245e-05
2.450710608538922e-07	4.946122e-03	6.936820e-03	2.611631e-05
4.147348998375172e-07	9.227511e-03	1.221951e-02	2.750648e-05
1.465043464725256e-06	3.610317e-02	4.502730e-02	3.316032e-05
2.249407225164756e-06	5.619624e-02	6.953818e-02	3.727916e-05
3.818134746043758e-06	9.640764e-02	1.185773e-01	4.550869e-05
6.955589787801761e-06	1.769307e-01	2.167246e-01	6.193359e-05
1.323049987131777e-05	3.383706e-01	4.132906e-01	9.473961e-05
2.578032003834978e-05	6.626343e-01	8.073773e-01	1.604571e-04
4.578032003834978e-05	1.182453e+00	1.437518e+00	2.655674e-04
6.578032003834978e-05	1.705994e+00	2.070213e+00	3.711400e-04
8.578032003834978e-05	2.233580e+00	2.705675e+00	4.771673e-04
1.057803200383498e-04	2.765143e+00	3.343847e+00	5.836397e-04
1.257803200383498e-04	3.300613e+00	3.984668e+00	6.905488e-04
1.457803200383498e-04	3.839924e+00	4.628084e+00	7.978848e-04
1.657803200383498e-04	4.383007e+00	5.274035e+00	9.056389e-04
1.857803200383498e-04	4.929797e+00	5.922466e+00	1.013801e-03
2.057803200383498e-04	5.480227e+00	6.573318e+00	1.122363e-03
2.257803200383498e-04	6.034230e+00	7.226537e+00	1.231315e-03
2.457803200383498e-04	6.591740e+00	7.882066e+00	1.340648e-03
2.657803200383498e-04	7.152693e+00	8.539847e+00	1.450351e-03
2.857803200383498e-04	7.717023e+00	9.199827e+00	1.560418e-03
3.057803200383498e-04	8.284665e+00	9.861950e+00	1.670837e-03
3.257803200383498e-04	8.855555e+00	1.052616e+01	1.781601e-03
3.457803200383498e-04	9.429631e+00	1.119240e+01	1.892699e-03
3.657803200383498e-04	1.000683e+01	1.186062e+01	2.004123e-03
4.057803200383498e-04	1.117033e+01	1.320278e+01	2.227913e-03
4.457803200383498e-04	1.234555e+01	1.455220e+01	2.452899e-03
4.682803200383498e-04	1.301094e+01	1.531389e+01	2.579956e-03
4.732803200383498e-04	1.315948e+01	1.548356e+01	2.608273e-03
4.822449022916942e-04	1.342612e+01	1.578797e+01	2.660264e-03
4.913130899018824e-04	1.369639e+01	1.609622e+01	2.713725e-03
5.228226433851197e-04	1.463956e+01	1.716973e+01	2.901157e-03
5.828226433851199e-04	1.645250e+01	1.922375e+01	3.260973e-03
6.428226433851201e-04	1.828678e+01	2.128979e+01	3.623320e-03
7.028226433851202e-04	2.014097e+01	2.336657e+01	3.987733e-03
7.828226433851204e-04	2.264149e+01	2.614993e+01	4.476335e-03
8.828226433851207e-04	2.580747e+01	2.964771e+01	5.090595e-03
9.828226433851210e-04	2.901177e+01	3.316042e+01	5.707700e-03
1.062822643385121e-03	3.159823e+01	3.597733e+01	6.202713e-03
1.082822643385121e-03	3.224730e+01	3.668203e+01	6.327696e-03
1.085322643385121e-03	3.232832e+01	3.677002e+01	6.345544e-03
1.090322643385121e-03	3.248952e+01	3.694550e+01	6.396375e-03
1.093311412246540e-03	3.258448e+01	3.704964e+01	6.453075e-03
1.096511502930151e-03	3.268331e+01	3.715960e+01	6.560326e-03
1.100019367454297e-03	3.278663e+01	3.727746e+01	6.766444e-03
1.103696360620736e-03	3.288903e+01	3.739816e+01	7.130640e-03
1.104683677637150e-03	3.291426e+01	3.742932e+01	7.261125e-03
1.104713737583202e-03	3.291389e+01	3.742953e+01	7.271269e-03
1.104758029851008e-03	3.290872e+01	3.742700e+01	7.386440e-03
1.104778812015479e-03	3.289919e+01	3.742139e+01	7.576264e-03
1.104797526862673e-03	3.287677e+01	3.740776e+01	8.031192e-03
1.104811732475550e-03	3.284045e+01	3.738543e+01	8.771854e-03
1.104825171021218e-03	3.277459e+01	3.734474e+01	1.008663e-02
1.104838722699665e-03	3.265514e+01	3.727087e+01	1.245948e-02
1.104852529540986e-03	3.243874e+01	3.713694e+01	1.668776e-02
1.104867821355230e-03	3.202679e+01	3.688270e+01	2.495046e-02
1.104881839088793e-03	3.139292e+01	3.649226e+01	3.774046e-02
1.104896790536511e-03	3.031295e+01	3.582907e+01	5.978722e-02
1.104911368331562e-03	2.873214e+01	3.486257e+01	9.251582e-02
1.104927199449747e-03	2.637325e+01	3.343038e+01	1.423149e-01
1.104944007367451e-03	2.336469e+01	3.162398e+01	2.073876e-01
1.104959780448378e-03	2.042676e+01	2.987090e+01	2.688984e-01
1.104967274529223e-03	1.920251e+01	2.912129e+01	2.951571e-01
1.104978682787886e-03	1.773000e+01	2.818062e+01	3.278635e-01
1.104986266549273e-03	1.698140e+01	2.769919e+01	3.438136e-01
1.104995100811731e-03	1.637968e+01	2.731445e+01	3.576232e-01
1.105012769336646e-03	1.562457e+01	2.683096e+01	3.753293e-01
1.105040062478240e-03	1.496861e+01	2.641025e+01	3.889969e-01
1.105068319192259e-03	1.463428e+01	2.619547e+01	3.956620e-01
1.105108424745934e-03	1.442948e+01	2.606461e+01	3.999092e-01
1.105164983770178e-03	1.431515e+01	2.599169e+01	4.021605e-01
1.105248449318064e-03	1.425884e+01	2.595671e+01	4.032254e-01
1.105377104761871e-03	1.423515e+01	2.594309e+01	4.037070e-01
1.108282397595304e-03	1.422296e+01	2.597590e+01	4.055332e-01
1.354073793031684e-03	1.424294e+01	2.937744e+01	5.429917e-01
1.614073793031684e-03	1.425955e+01	3.284249e+01	6.828057e-01
1.894073793031685e-03	1.427379e+01	3.639771e+01	8.260354e-01
2.194073793031686e-03	1.428618e+01	3.997535e+01	9.699963e-01
2.554073793031687e-03	1.429846e+01	4.391056e+01	1.128248e+00
2.954073793031688e-03	1.430940e+01	4.776912e+01	1.283458e+00
3.354073793031689e-03	1.431799e+01	5.102930e+01	1.414801e+00
3.774073793031690e-03	1.432492e+01	5.375324e+01	1.524929e+00
4.194073793031691e-03	1.432956e+01	5.571499e+01	1.604828e+00
4.614073793031692e-03	1.433249e+01	5.688083e+01	1.653196e+00
5.034073793031693e-03	1.433329e+01	5.723074e+01	1.669239e+00
5.454073793031694e-03	1.433246e+01	5.675874e+01	1.652725e+00
5.874073793031695e-03	1.432951e+01	5.547307e+01	1.603960e+00
6.034073793031696e-03	1.432793e+01	5.477347e+01	1.577065e+00
6.254073793031696e-03	1.432540e+01	5.362705e+01	1.532769e+00
6.614073793031697e-03	1.431986e+01	5.130406e+01	1.442549e+00
7.034073793031699e-03	1.431125e+01	4.792822e+01	1.310871e+00
7.434073793031700e-03	1.430087e+01	4.409761e+01	1.161034e+00
7.834073793031700e-03	1.428780e+01	3.972720e+01	9.897794e-01
8.234073793031683e-03	1.427122e+01	3.488485e+01	7.998394e-01
8.614073793031668e-03	1.425079e+01	2.991516e+01	6.048707e-01
8.994073793031652e-03	1.422163e+01	2.465316e+01	3.986908e-01
9.314073793031639e-03	1.418173e+01	2.003979e+01	2.188506e-01
9.454073793031634e-03	1.415228e+01	1.797082e+01	1.392340e-01
9.514073793031631e-03	1.413250e+01	1.706833e+01	1.052345e-01
9.554073793031630e-03	1.411187e+01	1.645009e+01	8.292748e-02
9.574073793031629e-03	1.410115e+01	1.612360e+01	7.234383e-02
9.594073793031628e-03	1.409115e+01	1.577802e+01	6.244416e-02
9.614073793031627e-03	1.409021e+01	1.541928e+01	5.316754e-02
9.634073793031626e-03	1.406904e+01	1.505626e+01	4.363747e-02
9.654073793031626e-03	1.405813e+01	1.469044e+01	3.444263e-02
9.674073793031625e-03	1.402569e+01	1.432053e+01	2.507528e-02
9.694073793031624e-03	1.399156e+01	1.394111e+01	1.614404e-02
9.714073793031623e-03	1.391973e+01	1.355128e+01	7.682665e-03
9.714112855531623e-03	1.392096e+01	1.355059e+01	7.640908e-03
9.714190980531624e-03	1.392231e+01	1.354897e+01	7.617813e-03
9.714347230531623e-03	1.392167e+01	1.354521e+01	7.587255e-03
9.716693025047060e-03	1.390696e+01	1.349544e+01	6.697826e-03
9.718986672923627e-03	1.388977e+01	1.344525e+01	5.880130e-03
9.723619415531713e-03	1.384899e+01	1.334108e+01	4.382453e-03
9.724528352630732e-03	1.383868e+01	1.331937e+01	4.124142e-03
9.725497885536350e-03	1.382667e+01	1.329566e+01	3.863747e-03
9.727494824999277e-03	1.379983e+01	1.324585e+01	3.383637e-03
9.728539505445045e-03	1.378391e+01	1.321879e+01	3.164158e-03
9.728580597115165e-03	1.378430e+01	1.321838e+01	3.148055e-03
9.728640324239670e-03	1.378908e+01	1.322035e+01	3.039571e-03
9.728704117141882e-03	1.379987e+01	1.322556e+01	2.747516e-03
9.728772985945855e-03	1.381392e+01	1.323215e+01	2.430489e-03
9.728790203146848e-03	1.381656e+01	1.323321e+01	2.385794e-03
9.728824637548834e-03	1.381974e+01	1.323401e+01	2.313553e-03
9.728878242007920e-03	1.382264e+01	1.323415e+01	2.250668e-03
9.728936044939926e-03	1.382387e+01	1.323338e+01	2.218558e-03
9.728979201612907e-03	1.382395e+01	1.323244e+01	2.205665e-03
9.729017328419538e-03	1.382364e+01	1.323144e+01	2.198157e-03
9.729058332831582e-03	1.382308e+01	1.323030e+01	2.192592e-03
9.729099116982276e-03	1.382236e+01	1.322910e+01	2.188765e-03
9.729135929482189e-03	1.382162e+01	1.322800e+01	2.186306e-03
9.729176409942761e-03	1.382072e+01	1.322676e+01	2.184351e-03
9.729214217352178e-03	1.381984e+01	1.322558e+01	2.183032e-03
9.729261338142028e-03	1.381869e+01	1.322411e+01	2.181853e-03
9.729368109639088e-03	1.381597e+01	1.322073e+01	2.180219e-03
9.729595054183630e-03	1.380999e+01	1.321351e+01	2.178385e-03
9.741769804943031e-03	1.348501e+01	1.282453e+01	2.110781e-03
9.747018296574862e-03	1.334432e+01	1.265641e+01	2.081791e-03
9.757515279838522e-03	1.306206e+01	1.231955e+01	2.024834e-03
9.801004303388473e-03	1.188050e+01	1.091520e+01	1.790612e-03
9.881004303388469e-03	9.658474e+00	8.297050e+00	1.353885e-03
9.981004303388465e-03	6.796367e+00	4.964428e+00	7.980337e-04
1.008100430338846e-02	3.847201e+00	1.571243e+00	2.321614e-04
1.012100430338846e-02	2.644836e+00	1.984725e-01	3.243558e-06
1.016100430338846e-02	1.430207e+00	-1.182536e+00	-2.270443e-04
1.020350430338846e-02	1.274173e-01	-2.657990e+00	-4.732099e-04
1.020850430338846e-02	-2.685091e-02	-2.832232e+00	-5.024503e-04
1.023029253479243e-02	-7.011572e-01	-3.592848e+00	-6.294107e-04
1.029029253479243e-02	-2.574098e+00	-5.697757e+00	-9.803368e-04
1.039029253479243e-02	-5.746093e+00	-9.237661e+00	-1.570428e-03
1.049029253479242e-02	-8.975718e+00	-1.281230e+01	-2.166221e-03
1.059029253479242e-02	-1.225620e+01	-1.641566e+01	-2.766710e-03
1.061904253479242e-02	-1.320741e+01	-1.745591e+01	-2.940217e-03
1.062654253479242e-02	-1.345622e+01	-1.772762e+01	-2.986859e-03
1.064679474943324e-02	-1.412916e+01	-1.846182e+01	-3.114829e-03
1.072679474943323e-02	-1.680247e+01	-2.136909e+01	-3.624794e-03
1.078679474943323e-02	-1.882231e+01	-2.355587e+01	-4.008953e-03
1.082679474943323e-02	-2.017527e+01	-2.501610e+01	-4.265573e-03
1.086679474943323e-02	-2.153288e+01	-2.647781e+01	-4.522507e-03
1.088679474943323e-02	-2.221330e+01	-2.720911e+01	-4.651072e-03
1.090679474943323e-02	-2.289474e+01	-2.794065e+01	-4.779682e-03
1.092679474943323e-02	-2.357715e+01	-2.867238e+01	-4.908341e-03
1.096679474943322e-02	-2.494467e+01	-3.013624e+01	-5.165750e-03
1.102679474943322e-02	-2.700200e+01	-3.233238e+01	-5.551981e-03
1.110679474943322e-02	-2.975438e+01	-3.525943e+01	-6.066852e-03
1.114679474943322e-02	-3.113369e+01	-3.672169e+01	-6.324104e-03
1.116679474943322e-02	-3.182389e+01	-3.745234e+01	-6.452659e-03
1.118239831888253e-02	-3.236233e+01	-3.802206e+01	-6.558247e-03
1.118343988938521e-02	-3.239817e+01	-3.806002e+01	-6.567822e-03
1.118552303039056e-02	-3.246941e+01	-3.813568e+01	-6.591586e-03
1.118838883580542e-02	-3.256623e+01	-3.823911e+01	-6.642963e-03
1.119176763387451e-02	-3.267755e+01	-3.835954e+01	-6.754952e-03
1.119491105602528e-02	-3.277644e+01	-3.846908e+01	-6.942135e-03
1.119838288223216e-02	-3.287991e+01	-3.858728e+01	-7.289611e-03
1.119961215761492e-02	-3.291354e+01	-3.862748e+01	-7.457816e-03
1.119964517894095e-02	-3.291436e+01	-3.862850e+01	-7.462849e-03
1.119967557165854e-02	-3.291397e+01	-3.862871e+01	-7.475831e-03
1.119971524982497e-02	-3.291099e+01	-3.862754e+01	-7.583024e-03
1.119971770593001e-02	-3.291057e+01	-3.862732e+01	-7.596121e-03
1.119972261814009e-02	-3.290913e+01	-3.862650e+01	-7.626168e-03
1.119973244256026e-02	-3.290377e+01	-3.862328e+01	-7.716049e-03
1.119975209140060e-02	-3.288071e+01	-3.860915e+01	-8.125746e-03
1.119976998320085e-02	-3.283482e+01	-3.858089e+01	-9.034536e-03
1.119978524606548e-02	-3.275471e+01	-3.853145e+01	-1.065099e-02
1.119979931385005e-02	-3.261678e+01	-3.844622e+01	-1.341883e-02
1.119981314388740e-02	-3.237343e+01	-3.829568e+01	-1.819316e-02
1.119982844318256e-02	-3.191267e+01	-3.801146e+01	-2.745496e-02
1.119984243207334e-02	-3.121163e+01	-3.757987e+01	-4.163038e-02
1.119985744642638e-02	-3.002315e+01	-3.685061e+01	-6.594931e-02
1.119987212938867e-02	-2.830611e+01	-3.580210e+01	-1.016379e-01
1.119988819479213e-02	-2.578615e+01	-3.427516e+01	-1.551283e-01
1.119990542483827e-02	-2.262999e+01	-3.238435e+01	-2.231175e-01
1.119991800264173e-02	-2.029366e+01	-3.099001e+01	-2.717446e-01
1.119992497665512e-02	-1.916386e+01	-3.029601e+01	-2.959589e-01
1.119993521065890e-02	-1.782673e+01	-2.944108e+01	-3.256176e-01
1.119994190095354e-02	-1.714128e+01	-2.900078e+01	-3.403920e-01
1.119995061140301e-02	-1.651119e+01	-2.859780e+01	-3.550293e-01
1.119996803230196e-02	-1.571206e+01	-2.808628e+01	-3.738143e-01
1.119999549742793e-02	-1.500496e+01	-2.763261e+01	-3.884957e-01
1.120002255421892e-02	-1.466026e+01	-2.741117e+01	-3.953144e-01
1.120006154080169e-02	-1.444486e+01	-2.727346e+01	-3.998262e-01
1.120011602801458e-02	-1.432330e+01	-2.719590e+01	-4.022245e-01
1.120019692241428e-02	-1.426235e+01	-2.715786e+01	-4.033878e-01
1.120117851560907e-02	-1.422280e+01	-2.714602e+01	-4.046284e-01
1.134705749537321e-02	-1.423625e+01	-2.917106e+01	-4.927199e-01
1.150705749537320e-02	-1.424849e+01	-3.133985e+01	-5.862268e-01
1.166705749537320e-02	-1.425884e+01	-3.344970e+01	-6.764364e-01
1.184705749537319e-02	-1.426871e+01	-3.574740e+01	-7.739149e-01
1.202705749537318e-02	-1.427750e+01	-3.795867e+01	-8.670648e-01
1.220705749537317e-02	-1.428500e+01	-4.007720e+01	-9.557728e-01
1.238705749537317e-02	-1.429189e+01	-4.209680e+01	-1.039921e+00
1.258705749537316e-02	-1.429856e+01	-4.421749e+01	-1.127906e+00
1.278705749537315e-02	-1.430445e+01	-4.620082e+01	-1.209904e+00
1.300705749537314e-02	-1.431004e+01	-4.821497e+01	-1.292956e+00
1.322705749537313e-02	-1.431513e+01	-5.004476e+01	-1.368278e+00
1.346705749537312e-02	-1.431978e+01	-5.182080e+01	-1.441340e+00
1.372705749537311e-02	-1.432386e+01	-5.347475e+01	-1.509436e+00
1.400705749537310e-02	-1.432747e+01	-5.492992e+01	-1.569543e+00
1.430705749537309e-02	-1.433047e+01	-5.610186e+01	-1.618340e+00
1.462705749537307e-02	-1.433243e+01	-5.689947e+01	-1.652240e+00
1.496705749537306e-02	-1.433319e+01	-5.722681e+01	-1.667468e+00
1.514705749537305e-02	-1.433327e+01	-5.718179e+01	-1.666825e+00
1.548705749537304e-02	-1.433214e+01	-5.668507e+01	-1.649210e+00
1.576705749537303e-02	-1.433037e+01	-5.587543e+01	-1.618766e+00
1.596705749537302e-02	-1.432859e+01	-5.507917e+01	-1.588352e+00
1.608705749537302e-02	-1.432731e+01	-5.451566e+01	-1.566694e+00
1.610705749537301e-02	-1.432720e+01	-5.441557e+01	-1.562840e+00
1.618705749537301e-02	-1.432624e+01	-5.399765e+01	-1.546723e+00
1.634705749537300e-02	-1.432409e+01	-5.307861e+01	-1.511179e+00
1.660705749537299e-02	-1.431984e+01	-5.135384e+01	-1.444226e+00
1.692705749537298e-02	-1.431362e+01	-4.885318e+01	-1.346805e+00
1.730705749537297e-02	-1.430454e+01	-4.537516e+01	-1.210912e+00
1.770705749537295e-02	-1.429240e+01	-4.116927e+01	-1.046225e+00
1.810705749537293e-02	-1.427706e+01	-3.646907e+01	-8.619334e-01
1.850705749537292e-02	-1.425719e+01	-3.134708e+01	-6.609977e-01
1.888705749537290e-02	-1.423109e+01	-2.616074e+01	-4.576769e-01
1.924705749537289e-02	-1.419233e+01	-2.101843e+01	-2.568265e-01
1.942705749537288e-02	-1.415905e+01	-1.837313e+01	-1.545748e-01
1.950705749537288e-02	-1.413559e+01	-1.717476e+01	-1.091755e-01
1.952705749537288e-02	-1.412759e+01	-1.687027e+01	-9.792985e-02
1.954705749537287e-02	-1.411771e+01	-1.656081e+01	-8.678433e-02
1.956705749537287e-02	-1.410345e+01	-1.624009e+01	-7.595060e-02
1.958705749537287e-02	-1.409508e+01	-1.590097e+01	-6.583983e-02
1.962705749537287e-02	-1.407783e+01	-1.518378e+01	-4.697011e-02
1.966705749537287e-02	-1.403914e+01	-1.445077e+01	-2.832506e-02
1.968705749537287e-02	-1.400544e+01	-1.407596e+01	-1.925897e-02
1.970705749537287e-02	-1.393528e+01	-1.367953e+01	-1.043824e-02
1.972705749537287e-02	-1.379517e+01	-1.325115e+01	-3.699452e-03
1.972706813099787e-02	-1.379635e+01	-1.325169e+01	-3.629462e-03
1.972708940224786e-02	-1.379992e+01	-1.325352e+01	-3.529204e-03
1.972712618829562e-02	-1.380268e+01	-1.325442e+01	-3.465656e-03
1.972716496957961e-02	-1.380333e+01	-1.325394e+01	-3.448905e-03
1.972723019983968e-02	-1.380293e+01	-1.325234e+01	-3.434305e-03
1.972734717496733e-02	-1.380151e+01	-1.324932e+01	-3.409942e-03
1.972763844424322e-02	-1.379727e+01	-1.324181e+01	-3.346371e-03
1.972846404133398e-02	-1.378453e+01	-1.322033e+01	-3.174945e-03
1.972850009158750e-02	-1.378415e+01	-1.321950e+01	-3.166324e-03
1.972854869284943e-02	-1.378510e+01	-1.321933e+01	-3.140526e-03
1.972860669418587e-02	-1.379092e+01	-1.322192e+01	-3.001032e-03
1.972867393336566e-02	-1.380317e+01	-1.322783e+01	-2.671938e-03
1.972874265976635e-02	-1.381599e+01	-1.323356e+01	-2.386367e-03
1.972877865222390e-02	-1.382031e+01	-1.323504e+01	-2.312623e-03
1.972882104670739e-02	-1.382279e+01	-1.323524e+01	-2.260967e-03
1.972886897064346e-02	-1.382409e+01	-1.323471e+01	-2.228504e-03
1.972891922643289e-02	-1.382443e+01	-1.323371e+01	-2.209667e-03
1.972896154357677e-02	-1.382421e+01	-1.323265e+01	-2.200146e-03
1.972900237921713e-02	-1.382371e+01	-1.323153e+01	-2.194020e-03
1.972904311694175e-02	-1.382303e+01	-1.323035e+01	-2.189812e-03
1.972908119795808e-02	-1.382228e+01	-1.322922e+01	-2.187032e-03
1.972911723686119e-02	-1.382150e+01	-1.322812e+01	-2.185117e-03
1.972915592819902e-02	-1.382061e+01	-1.322692e+01	-2.183607e-03
1.972919916508474e-02	-1.381957e+01	-1.322557e+01	-2.182393e-03
1.972930150739197e-02	-1.381699e+01	-1.322234e+01	-2.180637e-03
1.972951688496182e-02	-1.381133e+01	-1.321549e+01	-2.178759e-03
1.974044983093883e-02	-1.351960e+01	-1.286626e+01	-2.118000e-03
1.974432972174493e-02	-1.341571e+01	-1.274205e+01	-2.096536e-03
1.975208950335714e-02	-1.320729e+01	-1.249321e+01	-2.053945e-03
1.976760906658155e-02	-1.278848e+01	-1.199409e+01	-1.970591e-03
1.984678903397710e-02	-1.061571e+01	-9.421749e+00	-1.541489e-03
1.994678903397709e-02	-7.785176e+00	-6.111392e+00	-9.893322e-04
1.998678903397709e-02	-6.627725e+00	-4.769494e+00	-7.654942e-04
2.000000000000000e-02	-6.242848e+00	-4.324486e+00	-6.912054e-04 Step Information: A=500m  (Step: 2/3)
0.000000000000000e+00	9.977553e-23	3.670509e-23	-7.341034e-25
6.399999641359955e-09	7.816842e-06	1.724675e-04	1.966234e-06
1.279999928271991e-08	2.859782e-05	3.501857e-04	3.616256e-06
2.559999856543982e-08	9.778565e-05	7.167695e-04	6.179248e-06
5.119999713087964e-08	2.938853e-04	1.473022e-03	9.356718e-06
7.567377756953674e-08	5.285287e-04	2.214155e-03	1.093117e-05
1.092359145972656e-07	8.967969e-04	3.247168e-03	1.208908e-05
1.445550348077061e-07	1.311054e-03	4.342734e-03	1.274738e-05
2.077619122465934e-07	2.082961e-03	6.311253e-03	1.346650e-05
5.117359876097740e-07	5.930263e-03	1.580040e-02	1.541897e-05
1.702127682867824e-06	2.118316e-02	5.299180e-02	2.167986e-05
2.775956984618625e-06	3.497270e-02	8.655310e-02	2.730854e-05
4.923615588120228e-06	6.263022e-02	1.537076e-01	3.856654e-05
9.218932795123433e-06	1.182584e-01	2.881438e-01	6.107910e-05
1.780956720912984e-05	2.307590e-01	5.575207e-01	1.061009e-04
3.499083603714266e-05	4.595971e-01	1.097824e+00	1.963330e-04
5.499083603714266e-05	7.317897e-01	1.729106e+00	3.017957e-04
7.499083603714266e-05	1.010730e+00	2.363085e+00	4.077180e-04
9.499083603714266e-05	1.296577e+00	2.999804e+00	5.140908e-04
1.149908360371427e-04	1.589239e+00	3.639204e+00	6.209044e-04
1.349908360371427e-04	1.888625e+00	4.281229e+00	7.281498e-04
1.549908360371427e-04	2.194644e+00	4.925820e+00	8.358172e-04
1.749908360371426e-04	2.507206e+00	5.572922e+00	9.438976e-04
1.949908360371426e-04	2.826222e+00	6.222476e+00	1.052381e-03
2.149908360371426e-04	3.151605e+00	6.874426e+00	1.161259e-03
2.349908360371426e-04	3.483265e+00	7.528716e+00	1.270522e-03
2.549908360371426e-04	3.821115e+00	8.185289e+00	1.380161e-03
2.749908360371426e-04	4.165069e+00	8.844091e+00	1.490165e-03
2.949908360371426e-04	4.515042e+00	9.505065e+00	1.600527e-03
3.149908360371426e-04	4.870946e+00	1.016816e+01	1.711237e-03
3.349908360371426e-04	5.232698e+00	1.083331e+01	1.822285e-03
3.549908360371426e-04	5.600214e+00	1.150047e+01	1.933664e-03
3.949908360371426e-04	6.352200e+00	1.284059e+01	2.157374e-03
4.349908360371426e-04	7.126241e+00	1.418809e+01	2.382295e-03
4.749908360371426e-04	7.921686e+00	1.554254e+01	2.608357e-03
5.149908360371426e-04	8.737889e+00	1.690351e+01	2.835487e-03
5.749908360371428e-04	9.999724e+00	1.895627e+01	3.178035e-03
6.349908360371429e-04	1.130473e+01	2.102135e+01	3.522599e-03
7.149908360371431e-04	1.310739e+01	2.379135e+01	3.984762e-03
7.224908360371432e-04	1.328005e+01	2.405194e+01	4.028632e-03
7.324908360371432e-04	1.351138e+01	2.439965e+01	4.088126e-03
7.620330575603826e-04	1.420041e+01	2.542813e+01	4.265559e-03
8.420330575603827e-04	1.610955e+01	2.822234e+01	4.749783e-03
9.420330575603830e-04	1.858058e+01	3.173030e+01	5.359005e-03
1.062033057560383e-03	2.165897e+01	3.595434e+01	6.093739e-03
1.202033057560384e-03	2.538813e+01	4.088955e+01	6.953480e-03
1.362033057560384e-03	2.980448e+01	4.652010e+01	7.935862e-03
1.444533057560384e-03	3.213569e+01	4.941242e+01	8.441168e-03
1.449533057560384e-03	3.227795e+01	4.958732e+01	8.473363e-03
1.454230549191110e-03	3.241132e+01	4.975150e+01	8.510021e-03
1.457926445726232e-03	3.251554e+01	4.988040e+01	8.553851e-03
1.461387302650485e-03	3.261167e+01	5.000061e+01	8.623970e-03
1.465110016703166e-03	3.271221e+01	5.012901e+01	8.756041e-03
1.468998202948136e-03	3.281225e+01	5.026157e+01	8.993269e-03
1.473184615673480e-03	3.291394e+01	5.040265e+01	9.416760e-03
1.473199014064679e-03	3.291422e+01	5.040311e+01	9.418584e-03
1.473227810847076e-03	3.291382e+01	5.040366e+01	9.429187e-03
1.473271323742035e-03	3.290879e+01	5.040294e+01	9.554569e-03
1.473292370103121e-03	3.289961e+01	5.040017e+01	9.769425e-03
1.473310288245851e-03	3.287944e+01	5.039337e+01	1.024619e-02
1.473324202045424e-03	3.284641e+01	5.038186e+01	1.102535e-02
1.473337527889702e-03	3.278629e+01	5.036061e+01	1.241475e-02
1.473351030851712e-03	3.267714e+01	5.032183e+01	1.492714e-02
1.473364785765605e-03	3.248009e+01	5.025159e+01	1.939647e-02
1.473379898151544e-03	3.210839e+01	5.011935e+01	2.802869e-02
1.473393848058300e-03	3.153271e+01	4.991483e+01	4.146911e-02
1.473408647656668e-03	3.055459e+01	4.956834e+01	6.454626e-02
1.473423099595692e-03	2.911064e+01	4.905909e+01	9.903558e-02
1.473438658686310e-03	2.694363e+01	4.830014e+01	1.516810e-01
1.473455002231181e-03	2.413381e+01	4.732653e+01	2.214767e-01
1.473469732120086e-03	2.139897e+01	4.638153e+01	2.882179e-01
1.473476822457522e-03	2.018014e+01	4.594596e+01	3.190313e-01
1.473487244764106e-03	1.865771e+01	4.537979e+01	3.585750e-01
1.473494018527743e-03	1.784857e+01	4.507819e+01	3.790310e-01
1.473502504819104e-03	1.710271e+01	4.480103e+01	3.992275e-01
1.473519477401824e-03	1.600393e+01	4.439131e+01	4.261444e-01
1.473523316499847e-03	1.582092e+01	4.432292e+01	4.301784e-01
1.473530994695892e-03	1.556077e+01	4.422636e+01	4.373953e-01
1.473546351087983e-03	1.519171e+01	4.408953e+01	4.477645e-01
1.473577063872164e-03	1.476373e+01	4.393085e+01	4.590834e-01
1.473618176881521e-03	1.448660e+01	4.382818e+01	4.654606e-01
1.473669277581960e-03	1.435024e+01	4.377834e+01	4.684978e-01
1.473743771234826e-03	1.428225e+01	4.375463e+01	4.699999e-01
1.473860684392808e-03	1.425050e+01	4.374546e+01	4.706713e-01
1.475131841884478e-03	1.423279e+01	4.376862e+01	4.711537e-01
1.538251322434338e-03	1.423412e+01	4.524289e+01	4.806321e-01
1.598251322434339e-03	1.423553e+01	4.663188e+01	4.905489e-01
1.658251322434339e-03	1.423699e+01	4.800779e+01	5.012328e-01
1.718251322434339e-03	1.423854e+01	4.936995e+01	5.125692e-01
1.778251322434339e-03	1.424012e+01	5.071777e+01	5.244677e-01
1.838251322434339e-03	1.424175e+01	5.205064e+01	5.368345e-01
1.898251322434339e-03	1.424339e+01	5.336799e+01	5.495971e-01
1.958251322434339e-03	1.424505e+01	5.466924e+01	5.626783e-01
2.018251322434340e-03	1.424669e+01	5.595386e+01	5.760201e-01
2.078251322434340e-03	1.424834e+01	5.722131e+01	5.895588e-01
2.138251322434340e-03	1.424997e+01	5.847108e+01	6.032478e-01
2.198251322434340e-03	1.425159e+01	5.970267e+01	6.170340e-01
2.238251322434340e-03	1.425265e+01	6.051337e+01	6.262602e-01
2.278251322434340e-03	1.425371e+01	6.131564e+01	6.354999e-01
2.318251322434340e-03	1.425475e+01	6.210933e+01	6.447424e-01
2.358251322434341e-03	1.425578e+01	6.289429e+01	6.539774e-01
2.398251322434341e-03	1.425679e+01	6.367039e+01	6.631953e-01
2.438251322434341e-03	1.425779e+01	6.443752e+01	6.723868e-01
2.478251322434341e-03	1.425878e+01	6.519552e+01	6.815437e-01
2.518251322434341e-03	1.425975e+01	6.594427e+01	6.906579e-01
2.538251322434341e-03	1.426022e+01	6.631514e+01	6.951979e-01
2.558251322434341e-03	1.426071e+01	6.668365e+01	6.997219e-01
2.578251322434341e-03	1.426117e+01	6.704979e+01	7.042341e-01
2.598251322434341e-03	1.426165e+01	6.741353e+01	7.087287e-01
2.618251322434341e-03	1.426210e+01	6.777487e+01	7.132098e-01
2.638251322434341e-03	1.426257e+01	6.813379e+01	7.176717e-01
2.658251322434341e-03	1.426302e+01	6.849028e+01	7.221184e-01
2.678251322434341e-03	1.426348e+01	6.884431e+01	7.265445e-01
2.698251322434341e-03	1.426392e+01	6.919588e+01	7.309539e-01
2.718251322434341e-03	1.426437e+01	6.954498e+01	7.353413e-01
2.738251322434342e-03	1.426480e+01	6.989158e+01	7.397106e-01
2.758251322434342e-03	1.426525e+01	7.023566e+01	7.440565e-01
2.778251322434342e-03	1.426567e+01	7.057723e+01	7.483830e-01
2.798251322434342e-03	1.426610e+01	7.091626e+01	7.526849e-01
2.818251322434342e-03	1.426652e+01	7.125275e+01	7.569661e-01
2.838251322434342e-03	1.426695e+01	7.158666e+01	7.612216e-01
2.858251322434342e-03	1.426735e+01	7.191800e+01	7.654551e-01
2.878251322434342e-03	1.426777e+01	7.224675e+01	7.696618e-01
2.918251322434342e-03	1.426858e+01	7.289642e+01	7.780011e-01
2.958251322434342e-03	1.426937e+01	7.353556e+01	7.862355e-01
2.998251322434342e-03	1.427015e+01	7.416407e+01	7.943608e-01
3.038251322434342e-03	1.427091e+01	7.478185e+01	8.023734e-01
3.098251322434342e-03	1.427200e+01	7.568818e+01	8.141743e-01
3.158251322434343e-03	1.427308e+01	7.656980e+01	8.257002e-01
3.218251322434343e-03	1.427410e+01	7.742639e+01	8.369450e-01
3.298251322434343e-03	1.427542e+01	7.852905e+01	8.514796e-01
3.378251322434343e-03	1.427668e+01	7.958596e+01	8.654729e-01
3.478251322434343e-03	1.427816e+01	8.084171e+01	8.821737e-01
3.578251322434344e-03	1.427953e+01	8.202367e+01	8.979682e-01
3.698251322434344e-03	1.428105e+01	8.334291e+01	9.156803e-01
3.818251322434344e-03	1.428244e+01	8.455226e+01	9.319979e-01
3.958251322434344e-03	1.428389e+01	8.582200e+01	9.492204e-01
4.118251322434345e-03	1.428531e+01	8.708392e+01	9.664488e-01
4.298251322434345e-03	1.428662e+01	8.825858e+01	9.826242e-01
4.498251322434346e-03	1.428774e+01	8.925510e+01	9.965267e-01
4.718251322434346e-03	1.428857e+01	8.997153e+01	1.006784e+00
4.938251322434347e-03	1.428895e+01	9.028682e+01	1.011705e+00
5.178251322434347e-03	1.428889e+01	9.017157e+01	1.010941e+00
5.378251322434348e-03	1.428845e+01	8.970988e+01	1.005412e+00
5.498251322434348e-03	1.428802e+01	8.927406e+01	9.999666e-01
5.598251322434349e-03	1.428757e+01	8.882039e+01	9.942149e-01
6.018251322434350e-03	1.428462e+01	8.602863e+01	9.581646e-01
6.438251322434351e-03	1.428002e+01	8.184474e+01	9.034018e-01
6.858251322434352e-03	1.427356e+01	7.634130e+01	8.308814e-01
7.258251322434353e-03	1.426548e+01	6.996023e+01	7.464574e-01
7.658251322434354e-03	1.425514e+01	6.256904e+01	6.484132e-01
8.058251322434344e-03	1.424187e+01	5.428380e+01	5.383144e-01
8.458251322434327e-03	1.422438e+01	4.523421e+01	4.179357e-01
8.838251322434312e-03	1.420124e+01	3.605710e+01	2.958630e-01
9.178251322434298e-03	1.416931e+01	2.747106e+01	1.819408e-01
9.318251322434292e-03	1.414935e+01	2.385304e+01	1.342380e-01
9.398251322434289e-03	1.413419e+01	2.176546e+01	1.069854e-01
9.438251322434288e-03	1.412484e+01	2.071506e+01	9.346421e-02
9.458251322434287e-03	1.411932e+01	2.018744e+01	8.678817e-02
9.478251322434286e-03	1.411307e+01	1.965721e+01	8.020414e-02
9.498251322434285e-03	1.410593e+01	1.912288e+01	7.385114e-02
9.518251322434284e-03	1.410080e+01	1.858316e+01	6.783698e-02
9.538251322434283e-03	1.409668e+01	1.803872e+01	6.213717e-02
9.658251322434279e-03	1.404001e+01	1.473940e+01	2.826835e-02
9.678251322434278e-03	1.402265e+01	1.418508e+01	2.264474e-02
9.698251322434277e-03	1.399888e+01	1.362849e+01	1.716736e-02
9.718251322434276e-03	1.396395e+01	1.306769e+01	1.177431e-02
9.738251322434275e-03	1.390121e+01	1.249820e+01	6.950858e-03
9.758251322434274e-03	1.380427e+01	1.191908e+01	2.994214e-03
9.758261958059273e-03	1.380339e+01	1.191849e+01	3.040688e-03
9.758283229309269e-03	1.380095e+01	1.191706e+01	3.103360e-03
9.758325771809261e-03	1.379863e+01	1.191518e+01	3.133862e-03
9.758390961676701e-03	1.379722e+01	1.191306e+01	3.126178e-03
9.758456873001023e-03	1.379643e+01	1.191107e+01	3.117079e-03
9.758588695649667e-03	1.379512e+01	1.190710e+01	3.100002e-03
9.759733177587044e-03	1.378479e+01	1.187249e+01	2.960426e-03
9.759816384516029e-03	1.378446e+01	1.187013e+01	2.945702e-03
9.759860228217117e-03	1.378616e+01	1.186957e+01	2.915408e-03
9.759926544799647e-03	1.379446e+01	1.187065e+01	2.690254e-03
9.759996841149808e-03	1.380738e+01	1.187288e+01	2.321731e-03
9.760052563833586e-03	1.381629e+01	1.187399e+01	2.129031e-03
9.760090269070907e-03	1.381981e+01	1.187386e+01	2.067297e-03
9.760140847014180e-03	1.382217e+01	1.187292e+01	2.022079e-03
9.760194871598930e-03	1.382339e+01	1.187160e+01	1.997899e-03
9.760234794575481e-03	1.382372e+01	1.187049e+01	1.987690e-03
9.760275171072632e-03	1.382375e+01	1.186930e+01	1.980764e-03
9.760319159842856e-03	1.382357e+01	1.186797e+01	1.975672e-03
9.760367301886912e-03	1.382321e+01	1.186648e+01	1.971972e-03
9.760410703371596e-03	1.382278e+01	1.186513e+01	1.969734e-03
9.760452763839743e-03	1.382230e+01	1.186380e+01	1.968219e-03
9.760492952880295e-03	1.382180e+01	1.186253e+01	1.967187e-03
9.760542639698794e-03	1.382114e+01	1.186095e+01	1.966269e-03
9.760659158607885e-03	1.381952e+01	1.185724e+01	1.964901e-03
9.760917509306195e-03	1.381576e+01	1.184900e+01	1.963127e-03
9.783134266520862e-03	1.348467e+01	1.113742e+01	1.841592e-03
9.798397492061486e-03	1.325185e+01	1.064619e+01	1.758168e-03
9.818397492061485e-03	1.294144e+01	1.000020e+01	1.650000e-03
9.898397492061482e-03	1.163553e+01	7.388409e+00	1.213811e-03
9.998397492061478e-03	9.861324e+00	4.063633e+00	6.586714e-04
1.007839749206147e-02	8.334775e+00	1.359946e+00	2.073201e-04
1.011839749206147e-02	7.537502e+00	-5.364246e-03	-2.057595e-05
1.015839749206147e-02	6.718382e+00	-1.379098e+00	-2.498606e-04
1.017839749206147e-02	6.300819e+00	-2.068995e+00	-3.650060e-04
1.019839749206147e-02	5.878021e+00	-2.760844e+00	-4.804659e-04
1.023839749206147e-02	5.017017e+00	-4.150196e+00	-7.123245e-04
1.031839749206146e-02	3.235433e+00	-6.950098e+00	-1.179535e-03
1.037839749206146e-02	1.849394e+00	-9.067000e+00	-1.532747e-03
1.041839749206146e-02	9.026960e-01	-1.048561e+01	-1.769436e-03
1.043839749206146e-02	4.227585e-01	-1.119697e+01	-1.888122e-03
1.045839749206146e-02	-6.147394e-02	-1.190964e+01	-2.007315e-03
1.047839749206146e-02	-5.499431e-01	-1.262356e+01	-2.126534e-03
1.051839749206146e-02	-1.539319e+00	-1.405499e+01	-2.365330e-03
1.057839749206145e-02	-3.053439e+00	-1.621036e+01	-2.724849e-03
1.065839749206145e-02	-5.125571e+00	-1.909756e+01	-3.206369e-03
1.071839749206145e-02	-6.717356e+00	-2.127136e+01	-3.568865e-03
1.077839749206145e-02	-8.339519e+00	-2.345096e+01	-3.932296e-03
1.081839749206144e-02	-9.436996e+00	-2.490665e+01	-4.175001e-03
1.083839749206144e-02	-9.990357e+00	-2.563514e+01	-4.296456e-03
1.085839749206144e-02	-1.054672e+01	-2.636400e+01	-4.417971e-03
1.087839749206144e-02	-1.110602e+01	-2.709319e+01	-4.539535e-03
1.089839749206144e-02	-1.166820e+01	-2.782266e+01	-4.661146e-03
1.093839749206144e-02	-1.280093e+01	-2.928228e+01	-4.904466e-03
1.095839749206144e-02	-1.337077e+01	-3.001230e+01	-5.027087e-03
1.096589749206144e-02	-1.358532e+01	-3.028609e+01	-5.074271e-03
1.099589749206144e-02	-1.444757e+01	-3.138130e+01	-5.264421e-03
1.107589749206143e-02	-1.677245e+01	-3.430162e+01	-5.773535e-03
1.117589749206143e-02	-1.972956e+01	-3.794830e+01	-6.410364e-03
1.131589749206142e-02	-2.395209e+01	-4.303723e+01	-7.300170e-03
1.149589749206142e-02	-2.949509e+01	-4.953121e+01	-8.437188e-03
1.157839749206141e-02	-3.206868e+01	-5.248221e+01	-8.954357e-03
1.158339749206141e-02	-3.222515e+01	-5.266039e+01	-8.986322e-03
1.158835394494337e-02	-3.238000e+01	-5.283687e+01	-9.023157e-03
1.159186468479477e-02	-3.248907e+01	-5.296164e+01	-9.061745e-03
1.159501135104461e-02	-3.258558e+01	-5.307303e+01	-9.120571e-03
1.159830072231281e-02	-3.268403e+01	-5.318870e+01	-9.228927e-03
1.160187432549656e-02	-3.278655e+01	-5.331298e+01	-9.434880e-03
1.160559015390741e-02	-3.288789e+01	-5.344077e+01	-9.796159e-03
1.160662913444922e-02	-3.291415e+01	-5.347584e+01	-9.931816e-03
1.160664913998524e-02	-3.291437e+01	-5.347641e+01	-9.935314e-03
1.160669177889504e-02	-3.291375e+01	-5.347725e+01	-9.988661e-03
1.160669703457056e-02	-3.291323e+01	-5.347718e+01	-1.000349e-02
1.160670754592159e-02	-3.291108e+01	-5.347666e+01	-1.004832e-02
1.160672856862366e-02	-3.290122e+01	-5.347360e+01	-1.025815e-02
1.160674637529682e-02	-3.288195e+01	-5.346711e+01	-1.070601e-02
1.160676118974361e-02	-3.284770e+01	-5.345517e+01	-1.150839e-02
1.160677489410044e-02	-3.278658e+01	-5.343358e+01	-1.292626e-02
1.160678849147495e-02	-3.267682e+01	-5.339458e+01	-1.545875e-02
1.160680223919407e-02	-3.247946e+01	-5.332423e+01	-1.993598e-02
1.160681738867747e-02	-3.210585e+01	-5.319131e+01	-2.861525e-02
1.160683132128922e-02	-3.152924e+01	-5.298645e+01	-4.207845e-02
1.160684614080093e-02	-3.054716e+01	-5.263857e+01	-6.525157e-02
1.160686058417016e-02	-2.910070e+01	-5.212844e+01	-9.980595e-02
1.160687615882689e-02	-2.692765e+01	-5.136742e+01	-1.526044e-01
1.160689250520015e-02	-2.411467e+01	-5.039277e+01	-2.224832e-01
1.160690711846702e-02	-2.140060e+01	-4.945496e+01	-2.887098e-01
1.160691418600699e-02	-2.018521e+01	-4.902064e+01	-3.194288e-01
1.160692458127903e-02	-1.866528e+01	-4.845541e+01	-3.589085e-01
1.160693133967573e-02	-1.785660e+01	-4.815398e+01	-3.793597e-01
1.160693981482979e-02	-1.710981e+01	-4.787647e+01	-3.995832e-01
1.160695676513792e-02	-1.600916e+01	-4.746605e+01	-4.265528e-01
1.160696061091275e-02	-1.582525e+01	-4.739732e+01	-4.306076e-01
1.160696830246241e-02	-1.556389e+01	-4.730032e+01	-4.378595e-01
1.160698368556173e-02	-1.519337e+01	-4.716294e+01	-4.482711e-01
1.160701445176037e-02	-1.476390e+01	-4.700369e+01	-4.596241e-01
1.160705545861742e-02	-1.448702e+01	-4.690108e+01	-4.659955e-01
1.160710656606329e-02	-1.435044e+01	-4.685115e+01	-4.690439e-01
1.160718097601261e-02	-1.428235e+01	-4.682737e+01	-4.705530e-01
1.160729783377629e-02	-1.425054e+01	-4.681813e+01	-4.712341e-01
1.160749377360384e-02	-1.423749e+01	-4.681774e+01	-4.715140e-01
1.167165425987818e-02	-1.423473e+01	-4.828748e+01	-4.854706e-01
1.173165425987818e-02	-1.423662e+01	-4.964927e+01	-4.988781e-01
1.179165425987818e-02	-1.423849e+01	-5.099628e+01	-5.126218e-01
1.185165425987818e-02	-1.424038e+01	-5.232794e+01	-5.266314e-01
1.191165425987817e-02	-1.424223e+01	-5.364371e+01	-5.408559e-01
1.197165425987817e-02	-1.424408e+01	-5.494305e+01	-5.552371e-01
1.203165425987817e-02	-1.424589e+01	-5.622545e+01	-5.697342e-01
1.207165425987817e-02	-1.424709e+01	-5.707072e+01	-5.794393e-01
1.211165425987817e-02	-1.424827e+01	-5.790808e+01	-5.891640e-01
1.215165425987816e-02	-1.424943e+01	-5.873740e+01	-5.988971e-01
1.219165425987816e-02	-1.425058e+01	-5.955852e+01	-6.086285e-01
1.223165425987816e-02	-1.425172e+01	-6.037131e+01	-6.183487e-01
1.227165425987816e-02	-1.425284e+01	-6.117563e+01	-6.280485e-01
1.231165425987816e-02	-1.425394e+01	-6.197134e+01	-6.377195e-01
1.235165425987816e-02	-1.425502e+01	-6.275831e+01	-6.473536e-01
1.237165425987815e-02	-1.425556e+01	-6.314848e+01	-6.521533e-01
1.239165425987815e-02	-1.425609e+01	-6.353641e+01	-6.569436e-01
1.241165425987815e-02	-1.425662e+01	-6.392208e+01	-6.617183e-01
1.243165425987815e-02	-1.425713e+01	-6.430550e+01	-6.664821e-01
1.245165425987815e-02	-1.425766e+01	-6.468663e+01	-6.712286e-01
1.247165425987815e-02	-1.425816e+01	-6.506546e+01	-6.759626e-01
1.249165425987815e-02	-1.425868e+01	-6.544197e+01	-6.806778e-01
1.251165425987815e-02	-1.425917e+01	-6.581616e+01	-6.853787e-01
1.253165425987815e-02	-1.425968e+01	-6.618800e+01	-6.900596e-01
1.255165425987815e-02	-1.426016e+01	-6.655748e+01	-6.947247e-01
1.257165425987815e-02	-1.426066e+01	-6.692458e+01	-6.993683e-01
1.259165425987815e-02	-1.426114e+01	-6.728929e+01	-7.039948e-01
1.261165425987814e-02	-1.426163e+01	-6.765160e+01	-7.085986e-01
1.263165425987814e-02	-1.426209e+01	-6.801147e+01	-7.131839e-01
1.265165425987814e-02	-1.426257e+01	-6.836893e+01	-7.177451e-01
1.267165425987814e-02	-1.426303e+01	-6.872392e+01	-7.222868e-01
1.271165425987814e-02	-1.426395e+01	-6.942650e+01	-7.312989e-01
1.275165425987814e-02	-1.426485e+01	-7.011909e+01	-7.402157e-01
1.279165425987814e-02	-1.426573e+01	-7.080161e+01	-7.490330e-01
1.283165425987814e-02	-1.426659e+01	-7.147392e+01	-7.577467e-01
1.289165425987813e-02	-1.426786e+01	-7.246304e+01	-7.706137e-01
1.295165425987813e-02	-1.426907e+01	-7.342858e+01	-7.832295e-01
1.301165425987813e-02	-1.427026e+01	-7.437022e+01	-7.955782e-01
1.309165425987813e-02	-1.427177e+01	-7.558797e+01	-8.116151e-01
1.317165425987812e-02	-1.427321e+01	-7.676181e+01	-8.271405e-01
1.327165425987812e-02	-1.427491e+01	-7.816624e+01	-8.457977e-01
1.337165425987811e-02	-1.427652e+01	-7.949951e+01	-8.635857e-01
1.349165425987811e-02	-1.427830e+01	-8.100361e+01	-8.837425e-01
1.363165425987810e-02	-1.428018e+01	-8.262357e+01	-9.055576e-01
1.377165425987810e-02	-1.428189e+01	-8.409534e+01	-9.254733e-01
1.393165425987809e-02	-1.428360e+01	-8.559222e+01	-9.458376e-01
1.411165425987808e-02	-1.428523e+01	-8.703567e+01	-9.656042e-01
1.431165425987808e-02	-1.428670e+01	-8.833539e+01	-9.835616e-01
1.453165425987807e-02	-1.428790e+01	-8.938947e+01	-9.983394e-01
1.477165425987806e-02	-1.428870e+01	-9.008494e+01	-1.008417e+00
1.503165425987805e-02	-1.428899e+01	-9.029890e+01	-1.012136e+00
1.529165425987804e-02	-1.428870e+01	-8.995047e+01	-1.008329e+00
1.549165425987803e-02	-1.428805e+01	-8.930108e+01	-1.000292e+00
1.563165425987802e-02	-1.428738e+01	-8.865060e+01	-9.920393e-01
1.583165425987802e-02	-1.428613e+01	-8.744424e+01	-9.765283e-01
1.625165425987800e-02	-1.428228e+01	-8.387131e+01	-9.299844e-01
1.667165425987798e-02	-1.427666e+01	-7.894365e+01	-8.652179e-01
1.709165425987796e-02	-1.426910e+01	-7.274677e+01	-7.833548e-01
1.749165425987795e-02	-1.425976e+01	-6.576305e+01	-6.908059e-01
1.789165425987793e-02	-1.424782e+01	-5.783514e+01	-5.855238e-01
1.829165425987792e-02	-1.423231e+01	-4.908736e+01	-4.691974e-01
1.867165425987790e-02	-1.421245e+01	-4.014176e+01	-3.501853e-01
1.905165425987788e-02	-1.418316e+01	-3.070342e+01	-2.247578e-01
1.925165425987788e-02	-1.415964e+01	-2.557960e+01	-1.569547e-01
1.937165425987787e-02	-1.413966e+01	-2.246125e+01	-1.160297e-01
1.943165425987787e-02	-1.412648e+01	-2.088869e+01	-9.569257e-02
1.945165425987787e-02	-1.412128e+01	-2.036172e+01	-8.897510e-02
1.947165425987787e-02	-1.411515e+01	-1.983250e+01	-8.236220e-02
1.949165425987787e-02	-1.410833e+01	-1.929971e+01	-7.590576e-02
1.951165425987787e-02	-1.410208e+01	-1.876179e+01	-6.978521e-02
1.953165425987786e-02	-1.409829e+01	-1.821868e+01	-6.399462e-02
1.965165425987786e-02	-1.404512e+01	-1.492185e+01	-3.009830e-02
1.967165425987786e-02	-1.402872e+01	-1.436814e+01	-2.451461e-02
1.969165425987786e-02	-1.400763e+01	-1.381232e+01	-1.893432e-02
1.971165425987786e-02	-1.397676e+01	-1.325330e+01	-1.358070e-02
1.973165425987786e-02	-1.392683e+01	-1.268734e+01	-8.384597e-03
1.975165425987786e-02	-1.384341e+01	-1.211275e+01	-4.266044e-03
1.975169332237785e-02	-1.384436e+01	-1.211194e+01	-4.173723e-03
1.975177144737785e-02	-1.384627e+01	-1.211036e+01	-4.107720e-03
1.975192769737786e-02	-1.384585e+01	-1.210582e+01	-4.108669e-03
1.975406090286957e-02	-1.383110e+01	-1.204262e+01	-3.744114e-03
1.975571097268742e-02	-1.381852e+01	-1.199337e+01	-3.496598e-03
1.975904459327870e-02	-1.379108e+01	-1.189334e+01	-3.042361e-03
1.975970198061435e-02	-1.378505e+01	-1.187343e+01	-2.964159e-03
1.975976909346991e-02	-1.378456e+01	-1.187144e+01	-2.954767e-03
1.975980973663507e-02	-1.378507e+01	-1.187053e+01	-2.942264e-03
1.975986847549079e-02	-1.378950e+01	-1.187053e+01	-2.840411e-03
1.975992926647682e-02	-1.379927e+01	-1.187216e+01	-2.551851e-03
1.975999663137309e-02	-1.381273e+01	-1.187458e+01	-2.219665e-03
1.976001155552645e-02	-1.381509e+01	-1.187486e+01	-2.177326e-03
1.976004140383315e-02	-1.381811e+01	-1.187481e+01	-2.107961e-03
1.976009393404264e-02	-1.382152e+01	-1.187413e+01	-2.039214e-03
1.976014978571821e-02	-1.382337e+01	-1.187291e+01	-2.005784e-03
1.976019556963467e-02	-1.382398e+01	-1.187169e+01	-1.991368e-03
1.976023443716121e-02	-1.382412e+01	-1.187056e+01	-1.983545e-03
1.976027673176659e-02	-1.382402e+01	-1.186930e+01	-1.977759e-03
1.976032085135593e-02	-1.382375e+01	-1.186794e+01	-1.973684e-03
1.976036760058890e-02	-1.382333e+01	-1.186649e+01	-1.970779e-03
1.976040974449764e-02	-1.382288e+01	-1.186517e+01	-1.968991e-03
1.976045040328429e-02	-1.382239e+01	-1.186389e+01	-1.967767e-03
1.976049534593094e-02	-1.382181e+01	-1.186246e+01	-1.966800e-03
1.976060490213068e-02	-1.382030e+01	-1.185898e+01	-1.965325e-03
1.976084366548665e-02	-1.381685e+01	-1.185136e+01	-1.963553e-03
1.977868888889533e-02	-1.355175e+01	-1.128016e+01	-1.865923e-03
1.978960705251151e-02	-1.338633e+01	-1.092927e+01	-1.806173e-03
1.980960705251151e-02	-1.307853e+01	-1.028441e+01	-1.697477e-03
1.984960705251151e-02	-1.244437e+01	-8.986626e+00	-1.480717e-03
1.992960705251150e-02	-1.109833e+01	-6.357657e+00	-1.041693e-03
1.998960705251150e-02	-1.002409e+01	-4.358711e+00	-7.078852e-04
2.000000000000000e-02	-9.833142e+00	-4.010448e+00	-6.496894e-04 Step Information: A=999m  (Step: 3/3)
0.000000000000000e+00	-5.430112e-23	-1.457835e-23	2.915654e-25
8.191999540940742e-07	2.691895e-05	2.559092e-02	4.301874e-06
1.638399908188148e-06	7.552461e-05	5.118804e-02	8.584483e-06
3.276799816376297e-06	2.370032e-04	1.024009e-01	1.715229e-05
6.553599632752594e-06	8.165755e-04	2.049005e-01	3.429795e-05
1.310719926550519e-05	2.998506e-03	4.101941e-01	6.862956e-05
2.621439853101037e-05	1.091616e-02	8.218000e-01	1.374524e-04
4.621439853101037e-05	3.048028e-02	1.451994e+00	2.428719e-04
6.621439853101037e-05	5.913356e-02	2.084762e+00	3.487682e-04
8.621439853101037e-05	9.763124e-02	2.720295e+00	4.551229e-04
1.062143985310104e-04	1.458579e-01	3.358536e+00	5.619145e-04
1.262143985310104e-04	2.036989e-01	3.999425e+00	6.691273e-04
1.462143985310104e-04	2.710405e-01	4.642906e+00	7.767549e-04
1.662143985310104e-04	3.477698e-01	5.288921e+00	8.847935e-04
1.862143985310104e-04	4.337749e-01	5.937414e+00	9.932375e-04
2.062143985310104e-04	5.289447e-01	6.588328e+00	1.102079e-03
2.262143985310104e-04	6.331689e-01	7.241606e+00	1.211308e-03
2.462143985310104e-04	7.463385e-01	7.897192e+00	1.320917e-03
2.662143985310104e-04	8.683449e-01	8.555030e+00	1.430895e-03
2.862143985310104e-04	9.990807e-01	9.215064e+00	1.541234e-03
3.062143985310103e-04	1.138439e+00	9.877240e+00	1.651924e-03
3.262143985310103e-04	1.286314e+00	1.054150e+01	1.762956e-03
3.462143985310103e-04	1.442601e+00	1.120779e+01	1.874320e-03
3.662143985310103e-04	1.607195e+00	1.187606e+01	1.986009e-03
4.062143985310103e-04	1.960893e+00	1.321831e+01	2.210322e-03
4.462143985310103e-04	2.346590e+00	1.456781e+01	2.435823e-03
4.862143985310103e-04	2.763480e+00	1.592415e+01	2.662440e-03
5.262143985310104e-04	3.210772e+00	1.728688e+01	2.890104e-03
5.862143985310105e-04	3.937005e+00	1.934207e+01	3.233408e-03
6.462143985310107e-04	4.727298e+00	2.140931e+01	3.578676e-03
7.062143985310109e-04	5.579121e+00	2.348722e+01	3.925679e-03
7.862143985310111e-04	6.806328e+00	2.627202e+01	4.390657e-03
8.862143985310113e-04	8.479289e+00	2.977143e+01	4.974845e-03
9.862143985310116e-04	1.029657e+01	3.328561e+01	5.561385e-03
1.106214398531012e-03	1.265313e+01	3.751373e+01	6.266945e-03
1.128714398531012e-03	1.311389e+01	3.830709e+01	6.399331e-03
1.133714398531012e-03	1.321749e+01	3.848341e+01	6.428898e-03
1.143714398531012e-03	1.342562e+01	3.883603e+01	6.488864e-03
1.158863067821872e-03	1.374290e+01	3.937020e+01	6.580455e-03
1.193847836233635e-03	1.448575e+01	4.060366e+01	6.792914e-03
1.273847836233636e-03	1.623464e+01	4.342236e+01	7.279892e-03
1.393847836233636e-03	1.898316e+01	4.764030e+01	8.010378e-03
1.573847836233636e-03	2.335674e+01	5.392595e+01	9.101832e-03
1.813847836233637e-03	2.957831e+01	6.218235e+01	1.054008e-02
1.893847836233637e-03	3.173379e+01	6.489214e+01	1.101318e-02
1.913847836233637e-03	3.227768e+01	6.556608e+01	1.113264e-02
1.916347836233637e-03	3.234579e+01	6.565020e+01	1.114997e-02
1.921347836233637e-03	3.248204e+01	6.581829e+01	1.119676e-02
1.924695874913816e-03	3.257303e+01	6.593079e+01	1.125044e-02
1.928261821377181e-03	3.266943e+01	6.605055e+01	1.134926e-02
1.932236767091469e-03	3.277573e+01	6.618397e+01	1.154753e-02
1.936016131985761e-03	3.287499e+01	6.631075e+01	1.188237e-02
1.937142567165605e-03	3.290400e+01	6.634852e+01	1.202287e-02
1.937544517972983e-03	3.291428e+01	6.636199e+01	1.207865e-02
1.937563291536989e-03	3.291471e+01	6.636262e+01	1.208528e-02
1.937600838665002e-03	3.291508e+01	6.636388e+01	1.219025e-02
1.937624047190394e-03	3.291441e+01	6.636465e+01	1.242776e-02
1.937641417263375e-03	3.291242e+01	6.636522e+01	1.288823e-02
1.937655730179643e-03	3.290851e+01	6.636568e+01	1.370740e-02
1.937669149266146e-03	3.290110e+01	6.636609e+01	1.518264e-02
1.937682547693207e-03	3.288725e+01	6.636647e+01	1.784887e-02
1.937696044251496e-03	3.286196e+01	6.636680e+01	2.257185e-02
1.937710742072335e-03	3.281272e+01	6.636706e+01	3.168190e-02
1.937724263115025e-03	3.273382e+01	6.636715e+01	4.612438e-02
1.937738349669194e-03	3.259478e+01	6.636699e+01	7.137436e-02
1.937751787296805e-03	3.237723e+01	6.636646e+01	1.105712e-01
1.937765607052008e-03	3.202242e+01	6.636534e+01	1.742266e-01
1.937779029711643e-03	3.149735e+01	6.636344e+01	2.685668e-01
1.937792399813811e-03	3.079999e+01	6.636054e+01	4.114520e-01
1.937798348112785e-03	3.046920e+01	6.635870e+01	5.027061e-01
1.937806334764517e-03	3.000510e+01	6.635567e+01	6.412449e-01
1.937811936612762e-03	2.963736e+01	6.635326e+01	7.471251e-01
1.937819132796105e-03	2.909559e+01	6.634960e+01	9.048687e-01
1.937831362687566e-03	2.801581e+01	6.634222e+01	1.219263e+00
1.937845643715677e-03	2.656983e+01	6.633231e+01	1.653947e+00
1.937853168867337e-03	2.573570e+01	6.632650e+01	1.904228e+00
1.937871711699213e-03	2.359534e+01	6.631085e+01	2.541946e+00
1.937878730589101e-03	2.279994e+01	6.630036e+01	2.778255e+00
1.937882940870763e-03	2.234070e+01	6.628994e+01	2.915772e+00
1.937891361434085e-03	2.147310e+01	6.625967e+01	3.179568e+00
1.937908202560730e-03	1.994206e+01	6.616425e+01	3.645632e+00
1.937927198895703e-03	1.853974e+01	6.598377e+01	4.064967e+00
1.937945772507694e-03	1.749658e+01	6.567833e+01	4.374263e+00
1.937962940665561e-03	1.677771e+01	6.519125e+01	4.590925e+00
1.937978803492409e-03	1.628183e+01	6.440706e+01	4.748795e+00
1.937995845015767e-03	1.587204e+01	6.307658e+01	4.891209e+00
1.938004592379074e-03	1.570307e+01	6.204092e+01	4.959348e+00
1.938014536231564e-03	1.554310e+01	6.037756e+01	5.037544e+00
1.938023509903892e-03	1.541853e+01	5.837505e+01	5.111977e+00
1.938032838918609e-03	1.531233e+01	5.546028e+01	5.196800e+00
1.938051496948043e-03	1.513386e+01	4.763956e+01	5.398210e+00
1.938066930502962e-03	1.500525e+01	3.971936e+01	5.594369e+00
1.938082971151710e-03	1.489990e+01	3.073815e+01	5.801418e+00
1.938089546366237e-03	1.486572e+01	2.718354e+01	5.879128e+00
1.938093661257763e-03	1.484643e+01	2.511427e+01	5.924274e+00
1.938096028839358e-03	1.483566e+01	2.400489e+01	5.948910e+00
1.938101862831090e-03	1.481116e+01	2.144198e+01	6.005142e+00
1.938105395901177e-03	1.479710e+01	2.005232e+01	6.036083e+00
1.938108045507943e-03	1.478683e+01	1.909995e+01	6.057668e+00
1.938113344721474e-03	1.476683e+01	1.740668e+01	6.097172e+00
1.938123943148536e-03	1.473004e+01	1.473525e+01	6.162271e+00
1.938145140002659e-03	1.467662e+01	1.093122e+01	6.249277e+00
1.938159682499878e-03	1.465009e+01	9.231990e+00	6.285583e+00
1.938173749780237e-03	1.462720e+01	8.277724e+00	6.308370e+00
1.938189219513056e-03	1.460574e+01	7.680289e+00	6.324000e+00
1.938210098899396e-03	1.458224e+01	7.244417e+00	6.335663e+00
1.938221924427595e-03	1.457095e+01	7.114574e+00	6.339478e+00
1.938238234988131e-03	1.455727e+01	7.028101e+00	6.342836e+00
1.938276914202985e-03	1.453207e+01	6.950492e+00	6.346068e+00
1.939241907926902e-03	1.445873e+01	6.809175e+00	6.230031e+00
1.942776580117184e-03	1.444242e+01	6.343044e+00	5.762692e+00
1.945971279584625e-03	1.443031e+01	5.964076e+00	5.381304e+00
1.948378482757776e-03	1.442184e+01	5.702065e+00	5.117358e+00
1.951279280572267e-03	1.441326e+01	5.411872e+00	4.823876e+00
1.956258778844360e-03	1.438493e+01	4.957006e+00	4.377276e+00
1.960676842735912e-03	1.436886e+01	4.613543e+00	4.033839e+00
1.965168515358710e-03	1.435318e+01	4.309173e+00	3.728884e+00
1.969038344271964e-03	1.434107e+01	4.078337e+00	3.497698e+00
1.973344947755406e-03	1.432785e+01	3.851287e+00	3.270635e+00
1.977549025740177e-03	1.431553e+01	3.656769e+00	3.076100e+00
1.981763481271822e-03	1.430366e+01	3.485441e+00	2.904751e+00
1.985972525000450e-03	1.429221e+01	3.335169e+00	2.754455e+00
1.990183837807104e-03	1.428109e+01	3.203176e+00	2.622436e+00
1.994394176338835e-03	1.427023e+01	3.087388e+00	2.506619e+00
1.998604930500670e-03	1.425956e+01	2.985843e+00	2.405045e+00
2.002815506900102e-03	1.424902e+01	2.896869e+00	2.316039e+00
2.007026159245393e-03	1.423855e+01	2.818974e+00	2.238111e+00
2.011236779129200e-03	1.422809e+01	2.750858e+00	2.169961e+00
2.014947182678354e-03	1.421889e+01	2.698095e+00	2.117096e+00
2.017684625305322e-03	1.421212e+01	2.663125e+00	2.081981e+00
2.021671049332551e-03	1.420223e+01	2.617669e+00	2.036181e+00
2.024546303233924e-03	1.419508e+01	2.588616e+00	2.006730e+00
2.028503461026713e-03	1.418517e+01	2.553367e+00	1.970633e+00
2.034514739378115e-03	1.416931e+01	2.509622e+00	1.924565e+00
2.045060135495814e-03	1.413439e+01	2.452958e+00	1.865792e+00
2.054021916950524e-03	1.410511e+01	2.425044e+00	1.838057e+00
2.066734313602370e-03	1.409238e+01	2.408524e+00	1.826473e+00
2.072764471671555e-03	1.408283e+01	2.404549e+00	1.823005e+00
2.081110003176963e-03	1.406916e+01	2.400682e+00	1.818812e+00
2.095602706798619e-03	1.403810e+01	2.395925e+00	1.813603e+00
2.110716759597354e-03	1.398562e+01	2.393667e+00	1.811031e+00
2.124763950568071e-03	1.390766e+01	2.393934e+00	1.812050e+00
2.126323462321970e-03	1.389659e+01	2.394305e+00	1.812402e+00
2.127902869033577e-03	1.388485e+01	2.394749e+00	1.812813e+00
2.131061682456791e-03	1.385959e+01	2.395816e+00	1.813786e+00
2.137398729765974e-03	1.380248e+01	2.398287e+00	1.816292e+00
2.138758162158852e-03	1.378924e+01	2.398918e+00	1.816911e+00
2.139214321742392e-03	1.378474e+01	2.399134e+00	1.817124e+00
2.139248224312695e-03	1.378442e+01	2.399145e+00	1.817137e+00
2.139292620750021e-03	1.378414e+01	2.399125e+00	1.817140e+00
2.139341120808745e-03	1.378447e+01	2.398999e+00	1.817035e+00
2.139392925870663e-03	1.378611e+01	2.398760e+00	1.816726e+00
2.139449128542926e-03	1.378856e+01	2.398522e+00	1.816481e+00
2.139478138852542e-03	1.378962e+01	2.398457e+00	1.816439e+00
2.139516943432352e-03	1.379064e+01	2.398429e+00	1.816407e+00
2.139559751241479e-03	1.379133e+01	2.398424e+00	1.816408e+00
2.139611637461925e-03	1.379172e+01	2.398435e+00	1.816418e+00
2.139652929742923e-03	1.379177e+01	2.398451e+00	1.816436e+00
2.139694466811639e-03	1.379166e+01	2.398470e+00	1.816454e+00
2.139736390372077e-03	1.379144e+01	2.398492e+00	1.816476e+00
2.139781377558975e-03	1.379112e+01	2.398516e+00	1.816499e+00
2.139824769992671e-03	1.379075e+01	2.398540e+00	1.816524e+00
2.139864779567685e-03	1.379037e+01	2.398563e+00	1.816546e+00
2.139906939857472e-03	1.378995e+01	2.398588e+00	1.816571e+00
2.140010415351295e-03	1.378884e+01	2.398649e+00	1.816631e+00
2.140226060697380e-03	1.378642e+01	2.398777e+00	1.816757e+00
2.159304461831899e-03	1.357065e+01	2.410131e+00	1.827947e+00
2.171321488377200e-03	1.343676e+01	2.417260e+00	1.834977e+00
2.191321488377200e-03	1.321657e+01	2.429097e+00	1.846647e+00
2.211321488377200e-03	1.299963e+01	2.440896e+00	1.858278e+00
2.371321488377200e-03	1.138799e+01	2.533675e+00	1.949764e+00
2.531321488377201e-03	9.977492e+00	2.623238e+00	2.038136e+00
2.691321488377201e-03	8.743829e+00	2.709142e+00	2.122946e+00
2.851321488377202e-03	7.665641e+00	2.790982e+00	2.203782e+00
3.011321488377202e-03	6.724160e+00	2.868383e+00	2.280268e+00
3.171321488377202e-03	5.902897e+00	2.941004e+00	2.352058e+00
3.311321488377203e-03	5.271472e+00	3.000382e+00	2.410775e+00
3.451321488377203e-03	4.712371e+00	3.055671e+00	2.465462e+00
3.591321488377203e-03	4.217914e+00	3.106696e+00	2.515944e+00
3.731321488377204e-03	3.781237e+00	3.153298e+00	2.562060e+00
3.871321488377204e-03	3.396208e+00	3.195335e+00	2.603665e+00
4.011321488377204e-03	3.057346e+00	3.232675e+00	2.640628e+00
4.151321488377204e-03	2.759748e+00	3.265204e+00	2.672832e+00
4.291321488377205e-03	2.499034e+00	3.292821e+00	2.700177e+00
4.431321488377205e-03	2.271281e+00	3.315438e+00	2.722572e+00
4.571321488377206e-03	2.072982e+00	3.332980e+00	2.739944e+00
4.711321488377206e-03	1.900997e+00	3.345385e+00	2.752229e+00
4.851321488377206e-03	1.752514e+00	3.352605e+00	2.759380e+00
4.991321488377207e-03	1.625014e+00	3.354604e+00	2.761360e+00
5.131321488377207e-03	1.516239e+00	3.351357e+00	2.758144e+00
5.271321488377207e-03	1.424165e+00	3.342852e+00	2.749721e+00
5.411321488377208e-03	1.346975e+00	3.329088e+00	2.736091e+00
5.551321488377208e-03	1.283039e+00	3.310079e+00	2.717266e+00
5.691321488377209e-03	1.230892e+00	3.285846e+00	2.693271e+00
5.831321488377209e-03	1.189217e+00	3.256423e+00	2.664139e+00
5.991321488377209e-03	1.152896e+00	3.216499e+00	2.624617e+00
6.151321488377210e-03	1.127129e+00	3.169941e+00	2.578533e+00
6.311321488377210e-03	1.110509e+00	3.116849e+00	2.525994e+00
6.491321488377211e-03	1.101197e+00	3.049461e+00	2.459322e+00
6.691321488377211e-03	1.100674e+00	2.965302e+00	2.376087e+00
6.911321488377212e-03	1.109880e+00	2.861793e+00	2.273760e+00
7.171321488377212e-03	1.131127e+00	2.725309e+00	2.138916e+00
7.491321488377213e-03	1.168491e+00	2.537471e+00	1.953516e+00
7.931321488377210e-03	1.232199e+00	2.246491e+00	1.666812e+00
8.371321488377192e-03	1.301654e+00	1.922218e+00	1.348280e+00
8.811321488377174e-03	1.369461e+00	1.569861e+00	1.003974e+00
9.239758988377159e-03	1.428151e+00	1.204023e+00	6.502271e-01
9.421024238369925e-03	1.449517e+00	1.042856e+00	4.966638e-01
9.421404172561336e-03	1.449569e+00	1.044062e+00	4.963309e-01
9.421790397366592e-03	1.449769e+00	1.052554e+00	4.958451e-01
9.421966748222706e-03	1.450221e+00	1.068949e+00	4.952520e-01
9.422080420082597e-03	1.450989e+00	1.096882e+00	4.943824e-01
9.422166965813694e-03	1.452130e+00	1.139893e+00	4.931545e-01
9.422251110165550e-03	1.454070e+00	1.216075e+00	4.911180e-01
9.422344439935159e-03	1.457829e+00	1.362259e+00	4.872311e-01
9.422435752345500e-03	1.464165e+00	1.606541e+00	4.807415e-01
9.422533913578109e-03	1.475607e+00	2.052371e+00	4.691162e-01
9.422648526227137e-03	1.498047e+00	2.914509e+00	4.464789e-01
9.422780387548494e-03	1.540204e+00	4.446542e+00	4.042535e-01
9.422918470158883e-03	1.604164e+00	6.617860e+00	3.407439e-01
9.423025218233051e-03	1.662994e+00	8.574657e+00	2.830652e-01
9.423146116007817e-03	1.730497e+00	1.080480e+01	2.178957e-01
9.423272578749342e-03	1.792994e+00	1.287424e+01	1.587144e-01
9.423379389287787e-03	1.835622e+00	1.429226e+01	1.192069e-01
9.423478324946517e-03	1.866594e+00	1.528892e+01	9.105189e-02
9.423599997770333e-03	1.895090e+00	1.618160e+01	6.574172e-02
9.423729945881030e-03	1.916614e+00	1.684344e+01	4.721717e-02
9.423883648023386e-03	1.933936e+00	1.737832e+01	3.298860e-02
9.423966092520159e-03	1.940774e+00	1.757939e+01	2.762948e-02
9.424072485489184e-03	1.947877e+00	1.776594e+01	2.231137e-02
9.424169884236947e-03	1.953107e+00	1.789660e+01	1.862842e-02
9.424275283869127e-03	1.957772e+00	1.800351e+01	1.557089e-02
9.424379681950427e-03	1.961637e+00	1.808403e+01	1.324729e-02
9.424497849971831e-03	1.965354e+00	1.815290e+01	1.123257e-02
9.424618533412801e-03	1.968625e+00	1.820582e+01	9.667623e-03
9.424752088423107e-03	1.971802e+00	1.824938e+01	8.351528e-03
9.424891577641344e-03	1.974765e+00	1.828293e+01	7.312059e-03
9.425045058659582e-03	1.977729e+00	1.830980e+01	6.448525e-03
9.425203650381011e-03	1.980560e+00	1.832969e+01	5.775586e-03
9.425381957811646e-03	1.983547e+00	1.834535e+01	5.206092e-03
9.425560754058844e-03	1.986393e+00	1.835597e+01	4.776049e-03
9.425769456946372e-03	1.989584e+00	1.836384e+01	4.398967e-03
9.425987206918267e-03	1.992808e+00	1.836848e+01	4.106507e-03
9.426229499419658e-03	1.996307e+00	1.837060e+01	3.865049e-03
9.426495941583365e-03	2.000079e+00	1.837040e+01	3.670480e-03
9.426785158787639e-03	2.004112e+00	1.836811e+01	3.517001e-03
9.427118661722038e-03	2.008708e+00	1.836366e+01	3.389351e-03
9.427469132529686e-03	2.013491e+00	1.835756e+01	3.297741e-03
9.427843271031789e-03	2.018564e+00	1.834997e+01	3.228238e-03
9.428621364396280e-03	2.029040e+00	1.833207e+01	3.143041e-03
9.429861547229775e-03	2.045617e+00	1.830067e+01	3.083967e-03
9.432631675216322e-03	2.082360e+00	1.822696e+01	3.049721e-03
9.469698260849023e-03	2.549649e+00	1.722175e+01	2.879737e-03
9.501510626609295e-03	2.914033e+00	1.634653e+01	2.733105e-03
9.539700541979203e-03	3.308963e+00	1.528152e+01	2.554693e-03
9.579700541979201e-03	3.676033e+00	1.415044e+01	2.365146e-03
9.619700541979199e-03	3.994519e+00	1.300325e+01	2.172940e-03
9.659700541979198e-03	4.265474e+00	1.184044e+01	1.978159e-03
9.699700541979196e-03	4.489939e+00	1.066252e+01	1.780885e-03
9.759700541979194e-03	4.741689e+00	8.868355e+00	1.480454e-03
9.799700541979192e-03	4.854349e+00	7.654770e+00	1.277303e-03
9.839700541979191e-03	4.924014e+00	6.427766e+00	1.071940e-03
9.859700541979190e-03	4.943024e+00	5.809380e+00	9.684777e-04
9.879700541979189e-03	4.951646e+00	5.187817e+00	8.644453e-04
9.899700541979188e-03	4.949995e+00	4.563135e+00	7.599457e-04
9.919700541979187e-03	4.938191e+00	3.935393e+00	6.548959e-04
9.959700541979186e-03	4.884579e+00	2.670961e+00	4.433694e-04
1.001970054197918e-02	4.730867e+00	7.528080e-01	1.225627e-04
1.003970054197918e-02	4.660534e+00	1.079174e-01	1.469040e-05
1.005970054197918e-02	4.580838e+00	-5.396317e-01	-9.357326e-05
1.007970054197918e-02	4.491889e+00	-1.189783e+00	-2.023110e-04
1.009970054197918e-02	4.393795e+00	-1.842481e+00	-3.114215e-04
1.013970054197918e-02	4.170602e+00	-3.155291e+00	-5.309079e-04
1.019970054197918e-02	3.769894e+00	-5.142217e+00	-8.630714e-04
1.025970054197917e-02	3.292584e+00	-7.149078e+00	-1.198465e-03
1.029970054197917e-02	2.933185e+00	-8.497340e+00	-1.423776e-03
1.033970054197917e-02	2.541768e+00	-9.853384e+00	-1.650365e-03
1.037970054197917e-02	2.119121e+00	-1.121679e+01	-1.878161e-03
1.041970054197917e-02	1.666023e+00	-1.258713e+01	-2.107097e-03
1.043970054197917e-02	1.428294e+00	-1.327477e+01	-2.221992e-03
1.045970054197917e-02	1.183238e+00	-1.396399e+01	-2.337102e-03
1.047970054197916e-02	9.309487e-01	-1.465474e+01	-2.452508e-03
1.049970054197916e-02	6.715200e-01	-1.534696e+01	-2.568111e-03
1.051970054197916e-02	4.050443e-01	-1.604061e+01	-2.683995e-03
1.053970054197916e-02	1.316140e-01	-1.673563e+01	-2.800097e-03
1.055970054197916e-02	-1.486768e-01	-1.743197e+01	-2.916746e-03
1.057970054197916e-02	-4.357442e-01	-1.812958e+01	-3.033266e-03
1.059970054197916e-02	-7.294958e-01	-1.882842e+01	-3.149996e-03
1.061970054197916e-02	-1.029842e+00	-1.952843e+01	-3.266871e-03
1.065970054197916e-02	-1.649964e+00	-2.093176e+01	-3.501200e-03
1.069970054197916e-02	-2.295408e+00	-2.233919e+01	-3.736189e-03
1.075970054197915e-02	-3.309546e+00	-2.445714e+01	-4.089793e-03
1.081970054197915e-02	-4.376813e+00	-2.658211e+01	-4.444479e-03
1.089970054197915e-02	-5.878610e+00	-2.942408e+01	-4.918807e-03
1.099970054197914e-02	-7.875175e+00	-3.298624e+01	-5.513259e-03
1.111970054197914e-02	-1.043311e+01	-3.726744e+01	-6.227542e-03
1.117970054197914e-02	-1.177357e+01	-3.940788e+01	-6.584583e-03
1.124220054197913e-02	-1.320966e+01	-4.163576e+01	-6.956333e-03
1.124720054197913e-02	-1.332646e+01	-4.181386e+01	-6.986562e-03
1.126891667521811e-02	-1.383652e+01	-4.258712e+01	-7.119441e-03
1.132608338578346e-02	-1.520058e+01	-4.462039e+01	-7.471198e-03
1.144608338578345e-02	-1.816003e+01	-4.887386e+01	-8.209346e-03
1.162608338578345e-02	-2.281880e+01	-5.519985e+01	-9.310092e-03
1.188608338578344e-02	-2.992730e+01	-6.416871e+01	-1.087563e-02
1.196608338578343e-02	-3.218622e+01	-6.687719e+01	-1.134969e-02
1.196858338578343e-02	-3.225724e+01	-6.696141e+01	-1.136542e-02
1.197358338578343e-02	-3.239935e+01	-6.712969e+01	-1.140208e-02
1.197691606904766e-02	-3.249397e+01	-6.724180e+01	-1.143790e-02
1.198024325426530e-02	-3.258815e+01	-6.735366e+01	-1.149738e-02
1.198371906462656e-02	-3.268593e+01	-6.747046e+01	-1.160671e-02
1.198747593996246e-02	-3.279037e+01	-6.759662e+01	-1.181897e-02
1.199112119717636e-02	-3.288974e+01	-6.771896e+01	-1.218316e-02
1.199204373870658e-02	-3.291437e+01	-6.774991e+01	-1.231131e-02
1.199205640272169e-02	-3.291470e+01	-6.775034e+01	-1.231526e-02
1.199207031826963e-02	-3.291499e+01	-6.775080e+01	-1.233063e-02
1.199209814936552e-02	-3.291519e+01	-6.775173e+01	-1.243062e-02
1.199211918145478e-02	-3.291458e+01	-6.775243e+01	-1.264649e-02
1.199213676363825e-02	-3.291267e+01	-6.775301e+01	-1.309799e-02
1.199215113879468e-02	-3.290887e+01	-6.775346e+01	-1.389615e-02
1.199216459311187e-02	-3.290163e+01	-6.775388e+01	-1.534207e-02
1.199217798866890e-02	-3.288810e+01	-6.775426e+01	-1.795255e-02
1.199219149262445e-02	-3.286332e+01	-6.775460e+01	-2.258249e-02
1.199220622436367e-02	-3.281492e+01	-6.775487e+01	-3.154388e-02
1.199221975013579e-02	-3.273740e+01	-6.775496e+01	-4.574225e-02
1.199223384986986e-02	-3.260053e+01	-6.775481e+01	-7.060868e-02
1.199224728454588e-02	-3.238637e+01	-6.775430e+01	-1.092044e-01
1.199226111036801e-02	-3.203643e+01	-6.775320e+01	-1.719920e-01
1.199227453470676e-02	-3.151815e+01	-6.775134e+01	-2.651233e-01
1.199228791883085e-02	-3.082371e+01	-6.774848e+01	-4.059077e-01
1.199229372980901e-02	-3.050020e+01	-6.774671e+01	-4.939586e-01
1.199230181923289e-02	-3.003335e+01	-6.774367e+01	-6.333193e-01
1.199230718893416e-02	-2.968529e+01	-6.774139e+01	-7.335639e-01
1.199231426167913e-02	-2.915858e+01	-6.773783e+01	-8.863084e-01
1.199232712225531e-02	-2.803008e+01	-6.773011e+01	-1.214478e+00
1.199234185515817e-02	-2.653945e+01	-6.771990e+01	-1.662995e+00
1.199234963505025e-02	-2.567592e+01	-6.771389e+01	-1.922370e+00
1.199236880559156e-02	-2.346320e+01	-6.769766e+01	-2.581596e+00
1.199237388572062e-02	-2.288659e+01	-6.769077e+01	-2.752739e+00
1.199238041484889e-02	-2.217561e+01	-6.767541e+01	-2.965340e+00
1.199238912035326e-02	-2.129241e+01	-6.764268e+01	-3.234299e+00
1.199240653136201e-02	-1.974644e+01	-6.753892e+01	-3.704823e+00
1.199242553041011e-02	-1.838803e+01	-6.734812e+01	-4.110178e+00
1.199244397613275e-02	-1.738973e+01	-6.702679e+01	-4.406331e+00
1.199246102717861e-02	-1.670216e+01	-6.651494e+01	-4.614319e+00
1.199247678765062e-02	-1.622708e+01	-6.569268e+01	-4.766819e+00
1.199249370728711e-02	-1.583310e+01	-6.431036e+01	-4.905714e+00
1.199250185634338e-02	-1.568093e+01	-6.328806e+01	-4.968754e+00
1.199251350172600e-02	-1.550058e+01	-6.121115e+01	-5.060683e+00
1.199252259149736e-02	-1.537957e+01	-5.902323e+01	-5.137707e+00
1.199253240998945e-02	-1.527410e+01	-5.568137e+01	-5.230201e+00
1.199255204697364e-02	-1.509633e+01	-4.679311e+01	-5.452731e+00
1.199256852162859e-02	-1.496574e+01	-3.792785e+01	-5.669613e+00
1.199258504381768e-02	-1.486667e+01	-2.860122e+01	-5.880569e+00
1.199259169113020e-02	-1.483606e+01	-2.511779e+01	-5.955150e+00
1.199259586868758e-02	-1.481854e+01	-2.313019e+01	-5.997898e+00
1.199259972386517e-02	-1.480298e+01	-2.146478e+01	-6.034381e+00
1.199260434941899e-02	-1.478475e+01	-1.969186e+01	-6.074388e+00
1.199261051682409e-02	-1.476141e+01	-1.767419e+01	-6.121550e+00
1.199262285163430e-02	-1.472060e+01	-1.450726e+01	-6.196816e+00
1.199264140635499e-02	-1.467570e+01	-1.110649e+01	-6.272975e+00
1.199265546301653e-02	-1.464955e+01	-9.421948e+00	-6.309662e+00
1.199266956935894e-02	-1.462650e+01	-8.406731e+00	-6.333768e+00
1.199268518511886e-02	-1.460491e+01	-7.756656e+00	-6.350348e+00
1.199270463623724e-02	-1.458296e+01	-7.313295e+00	-6.361940e+00
1.199271702862245e-02	-1.457103e+01	-7.163579e+00	-6.366254e+00
1.199273296731196e-02	-1.455756e+01	-7.068207e+00	-6.369763e+00
1.199277090506731e-02	-1.453254e+01	-6.981753e+00	-6.373221e+00
1.199364002889301e-02	-1.445893e+01	-6.850873e+00	-6.271176e+00
1.199705924164234e-02	-1.444293e+01	-6.398903e+00	-5.818045e+00
1.200005582599194e-02	-1.443147e+01	-6.040856e+00	-5.457768e+00
1.200235353356426e-02	-1.442325e+01	-5.787724e+00	-5.202845e+00
1.200510960217623e-02	-1.441469e+01	-5.507328e+00	-4.919616e+00
1.200970800892567e-02	-1.438850e+01	-5.077600e+00	-4.497332e+00
1.201388903363768e-02	-1.437280e+01	-4.741414e+00	-4.161397e+00
1.201841060974470e-02	-1.435708e+01	-4.423841e+00	-3.843019e+00
1.202260232992358e-02	-1.434364e+01	-4.165774e+00	-3.584663e+00
1.202682291055397e-02	-1.433068e+01	-3.937158e+00	-3.355917e+00
1.203104330616678e-02	-1.431819e+01	-3.736192e+00	-3.154932e+00
1.203524987008973e-02	-1.430625e+01	-3.560201e+00	-2.978923e+00
1.203946225653329e-02	-1.429471e+01	-3.405399e+00	-2.824099e+00
1.204367214055436e-02	-1.428353e+01	-3.269565e+00	-2.688241e+00
1.204788308985005e-02	-1.427261e+01	-3.150330e+00	-2.568980e+00
1.205209358302148e-02	-1.426191e+01	-3.045764e+00	-2.464386e+00
1.205630427096648e-02	-1.425135e+01	-2.954114e+00	-2.372706e+00
1.206051487564161e-02	-1.424087e+01	-2.873857e+00	-2.292418e+00
1.206472551589843e-02	-1.423041e+01	-2.803650e+00	-2.222178e+00
1.206817931833522e-02	-1.422183e+01	-2.752767e+00	-2.171236e+00
1.207195016122285e-02	-1.421251e+01	-2.703466e+00	-2.121752e+00
1.207585906427545e-02	-1.420282e+01	-2.658567e+00	-2.076525e+00
1.207865338799762e-02	-1.419587e+01	-2.630033e+00	-2.047618e+00
1.208249386079707e-02	-1.418627e+01	-2.595306e+00	-2.012106e+00
1.208824085907441e-02	-1.417128e+01	-2.552408e+00	-1.967125e+00
1.209819755628216e-02	-1.413933e+01	-2.496418e+00	-1.909198e+00
1.210707556699976e-02	-1.410772e+01	-2.466349e+00	-1.878358e+00
1.211946516970682e-02	-1.409448e+01	-2.447891e+00	-1.864970e+00
1.212587360934134e-02	-1.408511e+01	-2.443208e+00	-1.861110e+00
1.213402009489582e-02	-1.407222e+01	-2.439235e+00	-1.856800e+00
1.214957102373504e-02	-1.403965e+01	-2.433769e+00	-1.850890e+00
1.216400497002171e-02	-1.399052e+01	-2.431312e+00	-1.848132e+00
1.217897721174946e-02	-1.390945e+01	-2.431316e+00	-1.848889e+00
1.218055424686063e-02	-1.389835e+01	-2.431669e+00	-1.849223e+00
1.218217149664768e-02	-1.388644e+01	-2.432101e+00	-1.849621e+00
1.218540599622179e-02	-1.386072e+01	-2.433154e+00	-1.850577e+00
1.219189487485022e-02	-1.380238e+01	-2.435613e+00	-1.853077e+00
1.219328643846547e-02	-1.378883e+01	-2.436247e+00	-1.853699e+00
1.219370662294064e-02	-1.378468e+01	-2.436442e+00	-1.853892e+00
1.219374238149048e-02	-1.378435e+01	-2.436454e+00	-1.853906e+00
1.219378453450182e-02	-1.378407e+01	-2.436436e+00	-1.853909e+00
1.219383475876078e-02	-1.378439e+01	-2.436307e+00	-1.853805e+00
1.219388686699000e-02	-1.378601e+01	-2.436069e+00	-1.853496e+00
1.219394357026994e-02	-1.378848e+01	-2.435828e+00	-1.853248e+00
1.219397192497802e-02	-1.378952e+01	-2.435765e+00	-1.853206e+00
1.219401023813578e-02	-1.379053e+01	-2.435736e+00	-1.853174e+00
1.219405292356671e-02	-1.379123e+01	-2.435730e+00	-1.853174e+00
1.219410553885994e-02	-1.379163e+01	-2.435741e+00	-1.853183e+00
1.219414682000635e-02	-1.379168e+01	-2.435756e+00	-1.853201e+00
1.219418824491402e-02	-1.379158e+01	-2.435775e+00	-1.853218e+00
1.219423011635047e-02	-1.379136e+01	-2.435796e+00	-1.853240e+00
1.219427508602022e-02	-1.379104e+01	-2.435820e+00	-1.853263e+00
1.219431861097435e-02	-1.379067e+01	-2.435843e+00	-1.853287e+00
1.219435854676781e-02	-1.379029e+01	-2.435866e+00	-1.853309e+00
1.219440076493827e-02	-1.378987e+01	-2.435890e+00	-1.853333e+00
1.219450422299577e-02	-1.378876e+01	-2.435950e+00	-1.853392e+00
1.219471922691880e-02	-1.378635e+01	-2.436076e+00	-1.853516e+00
1.221368507980686e-02	-1.357203e+01	-2.447180e+00	-1.864464e+00
1.222559134256910e-02	-1.343947e+01	-2.454129e+00	-1.871318e+00
1.224559134256909e-02	-1.321944e+01	-2.465771e+00	-1.882800e+00
1.226559134256909e-02	-1.300265e+01	-2.477376e+00	-1.894241e+00
1.242559134256909e-02	-1.139216e+01	-2.568542e+00	-1.984161e+00
1.258559134256908e-02	-9.982756e+00	-2.656409e+00	-2.070879e+00
1.274559134256907e-02	-8.750124e+00	-2.740538e+00	-2.153952e+00
1.290559134256907e-02	-7.672909e+00	-2.820525e+00	-2.232972e+00
1.306559134256906e-02	-6.732346e+00	-2.896002e+00	-2.307568e+00
1.322559134256905e-02	-5.911949e+00	-2.966633e+00	-2.377399e+00
1.338559134256905e-02	-5.197230e+00	-3.032109e+00	-2.442156e+00
1.352559134256904e-02	-4.648488e+00	-3.084955e+00	-2.494433e+00
1.366559134256904e-02	-4.163325e+00	-3.133472e+00	-2.542440e+00
1.380559134256903e-02	-3.734988e+00	-3.177509e+00	-2.586021e+00
1.394559134256903e-02	-3.357443e+00	-3.216926e+00	-2.625037e+00
1.408559134256902e-02	-3.025295e+00	-3.251599e+00	-2.659362e+00
1.422559134256901e-02	-2.733721e+00	-3.281420e+00	-2.688887e+00
1.436559134256901e-02	-2.478407e+00	-3.306292e+00	-2.713516e+00
1.450559134256900e-02	-2.255496e+00	-3.326134e+00	-2.733165e+00
1.464559134256900e-02	-2.061534e+00	-3.340877e+00	-2.747765e+00
1.478559134256899e-02	-1.893431e+00	-3.350464e+00	-2.757260e+00
1.492559134256899e-02	-1.748418e+00	-3.354853e+00	-2.761607e+00
1.506559134256898e-02	-1.624016e+00	-3.354013e+00	-2.760775e+00
1.520559134256897e-02	-1.518002e+00	-3.347926e+00	-2.754746e+00
1.534559134256897e-02	-1.428383e+00	-3.336586e+00	-2.743515e+00
1.548559134256896e-02	-1.353369e+00	-3.319996e+00	-2.727087e+00
1.562559134256896e-02	-1.291356e+00	-3.298175e+00	-2.705479e+00
1.576559134256895e-02	-1.240900e+00	-3.271151e+00	-2.678721e+00
1.592559134256894e-02	-1.195730e+00	-3.233946e+00	-2.641888e+00
1.608559134256894e-02	-1.162235e+00	-3.190073e+00	-2.598459e+00
1.624559134256893e-02	-1.138882e+00	-3.139627e+00	-2.548533e+00
1.642559134256892e-02	-1.123038e+00	-3.075157e+00	-2.484742e+00
1.662559134256892e-02	-1.116389e+00	-2.994156e+00	-2.404621e+00
1.684559134256891e-02	-1.120040e+00	-2.894007e+00	-2.305600e+00
1.708559134256890e-02	-1.134459e+00	-2.772054e+00	-2.185088e+00
1.738559134256889e-02	-1.163980e+00	-2.601938e+00	-2.017121e+00
1.776559134256887e-02	-1.213627e+00	-2.360332e+00	-1.778898e+00
1.820559134256885e-02	-1.279913e+00	-2.047972e+00	-1.471660e+00
1.864559134256883e-02	-1.347725e+00	-1.705583e+00	-1.136304e+00
1.908559134256882e-02	-1.410440e+00	-1.338103e+00	-7.792290e-01
1.942097524621332e-02	-1.451219e+00	-1.042912e+00	-4.967193e-01
1.942135515311483e-02	-1.451271e+00	-1.044080e+00	-4.963866e-01
1.942174140745906e-02	-1.451466e+00	-1.052440e+00	-4.959047e-01
1.942191978411129e-02	-1.451917e+00	-1.068816e+00	-4.953116e-01
1.942203390392091e-02	-1.452682e+00	-1.096629e+00	-4.944445e-01
1.942212066137539e-02	-1.453819e+00	-1.139511e+00	-4.932195e-01
1.942220481933540e-02	-1.455751e+00	-1.215414e+00	-4.911911e-01
1.942229841391959e-02	-1.459508e+00	-1.361526e+00	-4.873053e-01
1.942238959865245e-02	-1.465819e+00	-1.604759e+00	-4.808417e-01
1.942248772208267e-02	-1.477224e+00	-2.049225e+00	-4.692531e-01
1.942260226647042e-02	-1.499591e+00	-2.908887e+00	-4.466886e-01
1.942273422236159e-02	-1.541697e+00	-4.440040e+00	-4.045139e-01
1.942287282206567e-02	-1.605861e+00	-6.618261e+00	-3.407995e-01
1.942297958630337e-02	-1.664704e+00	-8.575100e+00	-2.831070e-01
1.942310054675041e-02	-1.732248e+00	-1.080665e+01	-2.178977e-01
1.942322693461355e-02	-1.794715e+00	-1.287515e+01	-1.587451e-01
1.942333371527614e-02	-1.837340e+00	-1.429303e+01	-1.192401e-01
1.942343263130779e-02	-1.868315e+00	-1.528978e+01	-9.108201e-02
1.942355429157006e-02	-1.896818e+00	-1.618264e+01	-6.576522e-02
1.942368430930599e-02	-1.918359e+00	-1.684509e+01	-4.722507e-02
1.942383782809522e-02	-1.935667e+00	-1.737959e+01	-3.300738e-02
1.942392033096185e-02	-1.942514e+00	-1.758089e+01	-2.764101e-02
1.942402675570419e-02	-1.949621e+00	-1.776760e+01	-2.231886e-02
1.942412406453320e-02	-1.954849e+00	-1.789821e+01	-1.863725e-02
1.942422961079154e-02	-1.959522e+00	-1.800529e+01	-1.557412e-02
1.942433422905267e-02	-1.963395e+00	-1.808599e+01	-1.324555e-02
1.942445244400346e-02	-1.967113e+00	-1.815487e+01	-1.123074e-02
1.942457340632017e-02	-1.970390e+00	-1.820788e+01	-9.663124e-03
1.942470704450052e-02	-1.973568e+00	-1.825142e+01	-8.347576e-03
1.942484683815745e-02	-1.976536e+00	-1.828500e+01	-7.307151e-03
1.942500041647659e-02	-1.979500e+00	-1.831184e+01	-6.444503e-03
1.942515937835424e-02	-1.982337e+00	-1.833173e+01	-5.771230e-03
1.942533777380587e-02	-1.985323e+00	-1.834735e+01	-5.202722e-03
1.942551665337312e-02	-1.988170e+00	-1.835795e+01	-4.773366e-03
1.942572553996621e-02	-1.991363e+00	-1.836579e+01	-4.396811e-03
1.942594346601400e-02	-1.994589e+00	-1.837042e+01	-4.104753e-03
1.942618587087646e-02	-1.998089e+00	-1.837251e+01	-3.863774e-03
1.942645247715324e-02	-2.001863e+00	-1.837230e+01	-3.669512e-03
1.942674182351268e-02	-2.005897e+00	-1.837000e+01	-3.516356e-03
1.942707553420693e-02	-2.010496e+00	-1.836553e+01	-3.388917e-03
1.942742616675000e-02	-2.015281e+00	-1.835942e+01	-3.297510e-03
1.942780032484503e-02	-2.020354e+00	-1.835182e+01	-3.228151e-03
1.942857836438371e-02	-2.030829e+00	-1.833391e+01	-3.143159e-03
1.942982095953120e-02	-2.047438e+00	-1.830245e+01	-3.084163e-03
1.943260146777533e-02	-2.084319e+00	-1.822845e+01	-3.049955e-03
1.946966640361419e-02	-2.551573e+00	-1.722329e+01	-2.879998e-03
1.950166996867684e-02	-2.918020e+00	-1.634277e+01	-2.732469e-03
1.954006758603209e-02	-3.314770e+00	-1.527185e+01	-2.553067e-03
1.958006758603209e-02	-3.681339e+00	-1.414061e+01	-2.363493e-03
1.962006758603209e-02	-3.999333e+00	-1.299326e+01	-2.171260e-03
1.966006758603209e-02	-4.269809e+00	-1.183030e+01	-1.976453e-03
1.970006758603209e-02	-4.493803e+00	-1.065222e+01	-1.779155e-03
1.976006758603208e-02	-4.744869e+00	-8.857844e+00	-1.478698e-03
1.980006758603208e-02	-4.857085e+00	-7.644122e+00	-1.275524e-03
1.984006758603208e-02	-4.926317e+00	-6.416984e+00	-1.070139e-03
1.986006758603208e-02	-4.945113e+00	-5.798532e+00	-9.666564e-04
1.988006758603208e-02	-4.953524e+00	-5.176906e+00	-8.626227e-04
1.990006758603208e-02	-4.951665e+00	-4.552161e+00	-7.581036e-04
1.992006758603208e-02	-4.939654e+00	-3.924357e+00	-6.530528e-04
1.996006758603208e-02	-4.885637e+00	-2.659806e+00	-4.415065e-04
1.998006758603207e-02	-4.843868e+00	-2.023175e+00	-3.350301e-04
2.000000000000000e-02	-4.794975e+00	-1.386571e+00	-2.284226e-04
